   3.9470843256   -0.4425751445    1.6467099117
   5.2815419795    1.4426701907   -0.1719434362
   4.6150202938    2.1950176478   -0.1719434362
   3.9470843256   -0.4425751445   -1.9905967842
   2.2402730552   -0.3760361372    1.9348254273
   1.7152730552    0.5332905368   -1.9838279207
   2.2402730552   -0.3760361372   -2.2651745727
   2.1866324306   -1.7005556543    1.8358755266
   3.2366324306   -1.7005556543    1.5545288745
   2.7116324306   -2.6098823282    1.5545288745
   3.2366324306   -1.7005556543   -2.0827778214
   2.7116324306   -2.6098823282   -2.0827778214
   2.1866324306   -1.7005556543   -2.3641244734
   0.9733251406   -2.1934895749    1.8713355133
   0.4483251406   -3.1028162489    1.5899888613
   1.4983251406   -3.1028162489    1.5899888613
   0.7145037836   -3.9936316540    0.8213355133
   1.7288210448   -3.8477948486    0.8213355133
   0.2286548779   -4.1570236845   -0.2286644867
   1.2264521692   -4.2781782105   -0.2286644867
   2.1662611088   -3.9217556933   -0.2286644867
   0.7145037836   -3.9936316540   -1.2786644867
   1.7288210448   -3.8477948486   -1.2786644867
  -0.0766748594   -2.1934895749   -2.0473178346
   0.4483251406   -3.1028162489   -2.0473178346
   1.4983251406   -3.1028162489   -2.0473178346
   0.9733251406   -2.1934895749   -2.3286644867
   0.1900440951   -1.1069356614    2.0029254280
   1.2400440951   -1.1069356614    1.7215787759
  -0.3349559049   -0.1976089874    1.7215787759
  -0.3349559049   -2.0162623353    1.7215787759
  -0.3349559049   -0.1976089874   -1.9157279200
  -0.3349559049   -2.0162623353   -1.9157279200
   0.1900440951   -1.1069356614   -2.1970745720
   0.9236312019    0.0337606032    2.0459171164
  -0.1263687981    0.0337606032    1.7645704643
   1.4486312019   -0.8755660708    1.7645704643
   1.4486312019    0.9430872771   -1.8727362316
  -0.1263687981    0.0337606032   -1.8727362316
   0.9236312019    0.0337606032   -2.1540828836
   0.3420765953    1.3357800858    2.1822344065
   1.3920765953    1.3357800858    1.9008877545
  -0.1829234047    2.2451067598    1.9008877545
  -0.1829234047    0.4264534118    1.9008877545
   1.3920765953    1.3357800858   -1.7364189414
  -0.1829234047    2.2451067598   -1.7364189414
   0.3420765953    1.3357800858   -2.0177655935
   0.9460853752    2.3739038362    2.0859236899
   1.9260853752    2.3739038362    1.8233334813
   1.4360853752    3.2226087319    1.8233334813
   0.4560853752    3.2226087319    1.8233334813
   2.3193187428    3.3716162787    1.1059236899
   1.4706138471    3.9882364792    1.1059236899
   0.4215569032    3.9882364792    1.1059236899
   2.6434951666    3.3539038362    0.1259236899
   1.9260853752    4.0713136277    0.1259236899
   0.9460853752    4.3339038362    0.1259236899
   2.3193187428    3.3716162787   -0.8540763101
   1.4706138471    3.9882364792   -0.8540763101
   0.4215569032    3.9882364792   -0.8540763101
   1.9260853752    2.3739038362   -1.5714861016
   1.4360853752    3.2226087319   -1.5714861016
   0.4560853752    3.2226087319   -1.5714861016
   0.9460853752    2.3739038362   -1.8340763101
  -1.0492518395    1.2704826493    2.2614805429
  -0.5242518395    2.1798093233    1.9801338908
  -0.5242518395    0.3611559753    1.9801338908
  -0.5242518395    2.1798093233   -1.6571728051
  -2.0992518395    1.2704826493   -1.6571728051
  -0.5242518395    0.3611559753   -1.6571728051
  -1.0492518395    1.2704826493   -1.9385194571
  -1.8232612259    0.1149672576    2.2197090363
  -0.7732612259    0.1149672576    1.9383623842
  -2.3482612259   -0.7943594163    1.9383623842
  -0.7732612259    0.1149672576   -1.6989443117
  -2.3482612259    1.0242939316   -1.6989443117
  -1.8232612259    0.1149672576   -1.9802909637
  -3.0178699601    0.1732745359    2.1572100761
  -3.5078699601    1.0219794316    1.8946198675
  -3.9978699601    0.1732745359    1.8946198675
  -3.5078699601   -0.6754303598    1.8946198675
  -4.3911033278    1.1709869784    1.1772100761
  -4.7152797515    0.1732745359    1.1772100761
  -4.3911033278   -0.8244379066    1.1772100761
  -3.9978699601    1.8706843273    0.1972100761
  -4.7152797515    1.1532745359    0.1972100761
  -4.9778699601    0.1732745359    0.1972100761
  -4.7152797515   -0.8067254641    0.1972100761
  -3.9978699601   -1.5241352555    0.1972100761
  -4.3911033278    1.1709869784   -0.7827899239
  -4.7152797515    0.1732745359   -0.7827899239
  -4.3911033278   -0.8244379066   -0.7827899239
  -3.5078699601    1.0219794316   -1.5001997153
  -3.9978699601    0.1732745359   -1.5001997153
  -3.5078699601   -0.6754303598   -1.5001997153
  -3.0178699601    0.1732745359   -1.7627899239
  -1.1763345767   -1.0877540153    2.0874043510
  -0.6513345767   -1.9970806893    1.8060576989
  -0.6513345767   -0.1784273413   -1.8312489970
  -0.6513345767   -1.9970806893   -1.8312489970
  -1.1763345767   -1.0877540153   -2.1125956490
  -0.9293346053   -2.3043255477    1.7619192196
  -2.2381559624   -4.1044676269    0.9932658717
  -4.0183124219   -2.8068884427   -0.0567341283
  -3.5512071765   -3.6968831300   -0.0567341283
  -2.7240048681   -4.2678596574   -0.0567341283
  -0.9293346053   -2.3043255477   -1.8753874763
  -1.4543346053   -3.2136522217   -1.8753874763
  -0.7508223992    2.5189181465    2.1221610437
  -1.2758223992    3.4282448205    2.1221610437
  -2.0596437563    4.3190602257    1.3535076958
  -2.5454926620    4.4824522562    0.3035076958
  -3.3726949704    3.9114757288    0.3035076958
  -3.8398002158    2.0163552515    0.3035076958
  -2.0596437563    4.3190602257   -0.7464923042
  -0.7508223992    2.5189181465   -1.5151456522
  -1.2758223992    3.4282448205   -1.5151456522
   5.2796514148   -0.1668019526    1.0851007199
   4.5973200527   -1.1059505032    1.0851007199
   5.8899471383   -0.1668019526    0.2451007199
   5.5161388107    0.8602279866    0.2451007199
   4.5696228988   -1.7403031084    0.2451007199
   5.5161388107   -1.1938318919    0.2451007199
   5.8899471383   -0.1668019526   -0.7931963812
   5.5161388107    0.8602279866   -0.7931963812
   5.5161388107   -1.1938318919   -0.7931963812
   5.2796514148   -0.1668019526   -1.6331963812
   4.5973200527   -1.1059505032   -1.6331963812
   4.6028025879    2.1884472459   -0.4789491752
   3.6562866760    2.7349184624   -0.4789491752
   4.9766109155    1.1614173067   -1.5172462763
   4.6028025879    2.1884472459   -1.5172462763
   3.6562866760    2.7349184624   -1.5172462763
   2.5799484944    2.5451310007   -1.5172462763
   1.8774186404    1.7078885232   -1.5172462763
   4.3663151920    1.1614173067   -2.3572462763
   3.6839838299    2.1005658572   -2.3572462763
   2.5799484944    1.7418430314   -2.3572462763
   2.5799484944    0.5809915820   -2.3572462763
   3.6839838299    0.2222687561   -2.3572462763
   3.3788359681    1.1614173067   -2.6780977257
   3.4854128968    1.0261341107    2.4300383710
   4.4728921206    1.0261341107    2.1091869215
   3.7905607585    1.9652826612    2.1091869215
   2.6865254231    1.6065598354    2.1091869215
   2.6865254231    0.4457083859    2.1091869215
   3.7905607585    0.0869855601    2.1091869215
   5.0831878442    1.0261341107    1.2691869215
   4.7093795166    2.0531640499    1.2691869215
   3.7628636047    2.5996352664    1.2691869215
   2.6865254231    2.4098478046    1.2691869215
   3.7628636047    2.5996352664    0.2308898204
   4.0592072511   -2.2960420041    0.9951642342
   3.3768758890   -3.2351905546    0.9951642342
   4.6695029747   -2.2960420041    0.1551642342
   3.3491787352   -3.8695431598    0.1551642342
   4.2956946471   -3.3230719433    0.1551642342
   4.6695029747   -2.2960420041   -0.8831328669
   3.3491787352   -3.8695431598   -0.8831328669
   4.2956946471   -3.3230719433   -0.8831328669
   4.0592072511   -2.2960420041   -1.7231328669
   3.3768758890   -3.2351905546   -1.7231328669
  -0.3204979173   -3.1406435176    1.1978536585
  -1.0028292793   -4.0797920682    1.1978536585
  -2.1068646148   -4.5243572116    0.3578536585
  -1.0305264332   -4.7141446734    0.3578536585
  -0.0840105213   -4.1676734569    0.3578536585
  -2.1068646148   -4.5243572116   -0.6804434426
  -1.0305264332   -4.7141446734   -0.6804434426
  -0.0840105213   -4.1676734569   -0.6804434426
  -1.0028292793   -4.0797920682   -1.5204434426
  -2.5542627254   -2.4022196997    2.5332299326
  -1.5667835016   -2.4022196997    2.2123784831
  -2.2491148637   -1.4630711491    2.2123784831
  -3.3531501991   -1.8217939749    2.2123784831
  -3.3531501991   -2.9826454244    2.2123784831
  -2.2491148637   -3.3413682502    2.2123784831
  -4.0556800532   -1.8557484832    1.3723784831
  -4.0556800532   -2.9486909162    1.3723784831
  -3.3531501991   -3.7859333936    1.3723784831
  -2.2768120175   -3.9757208554    1.3723784831
  -4.0556800532   -1.8557484832    0.3340813820
  -4.0556800532   -2.9486909162    0.3340813820
  -4.1616718108   -1.7223620105   -0.3761998199
  -4.1616718108   -2.8153044435   -0.3761998199
  -3.4591419567   -0.8851195330   -1.4144969210
  -4.1616718108   -1.7223620105   -1.4144969210
  -4.1616718108   -2.8153044435   -1.4144969210
  -3.4591419567   -3.6525469210   -1.4144969210
  -1.6727752592   -2.2688332270   -2.2544969210
  -2.3551066213   -1.3296846764   -2.2544969210
  -3.4591419567   -1.6884075023   -2.2544969210
  -3.4591419567   -2.8492589517   -2.2544969210
  -2.3551066213   -3.2079817775   -2.2544969210
  -2.6602544831   -2.2688332270   -2.5753483704
  -2.3746270671    2.5006413064    2.8989546295
  -1.3871478433    2.5006413064    2.5781031800
  -2.0694792054    3.4397898569    2.5781031800
  -3.1735145408    3.0810670311    2.5781031800
  -3.1735145408    1.9202155817    2.5781031800
  -2.0694792054    1.5614927558    2.5781031800
  -2.0971763592    4.0741424621    1.7381031800
  -3.1735145408    3.8843550003    1.7381031800
  -3.8760443949    3.0471125229    1.7381031800
  -3.8760443949    1.9541700899    1.7381031800
  -3.8760443949    3.0471125229    0.6998060789
  -3.8760443949    1.9541700899    0.6998060789
  -3.2801671549    4.0186968418   -0.0086622714
  -3.9826970090    3.1814543644   -0.0086622714
  -3.9826970090    2.0885119314   -0.0086622714
  -2.2038289733    4.2084843036   -1.0469593725
  -3.2801671549    4.0186968418   -1.0469593725
  -3.9826970090    3.1814543644   -1.0469593725
  -3.9826970090    2.0885119314   -1.0469593725
  -1.4938004574    2.6349831479   -1.8869593725
  -2.1761318195    3.5741316984   -1.8869593725
  -3.2801671549    3.2154088726   -1.8869593725
  -3.2801671549    2.0545574231   -1.8869593725
  -2.1761318195    1.6958345973   -1.8869593725
  -2.4812796812    2.6349831479   -2.2078108219
  -0.1058027049    3.3286784589    1.6818164476
  -0.7881340670    4.2678270095    1.6818164476
   0.1306846910    4.3557083982    0.8418164476
  -0.8158312209    4.9021796147    0.8418164476
  -1.8921694025    4.7123921529    0.8418164476
   0.1306846910    4.3557083982   -0.1964806535
  -0.8158312209    4.9021796147   -0.1964806535
  -1.8921694025    4.7123921529   -0.1964806535
  -0.7881340670    4.2678270095   -1.0364806535
   3.9427448126   -0.4350588874    1.9903818467
   5.2984798835    0.4667515294    1.3244320882
   4.2015672107   -1.2400779060    1.3244320882
   5.5301955992    1.4819644124    0.3621068053
   4.8809425915    2.2961019331    0.3621068053
   5.5301955992    1.4819644124   -0.7059936777
   3.9427448126   -0.4350588874   -2.3342687192
   2.2402730552   -0.3760361372    2.2348254273
   1.7196125683    0.5257742797   -2.3274998557
   2.2402730552   -0.3760361372   -2.5651745727
   2.1866324306   -1.7005556543    2.1358755266
   3.2279534045   -1.7005556543    1.8982008095
   2.7072929176   -2.6023660711    1.8982008095
   4.0630279886   -1.7005556543    1.2322510510
   2.9661153157   -3.4073850897    1.2322510510
   3.2279534045   -1.7005556543   -2.4264497564
   2.7072929176   -2.6023660711   -2.4264497564
   2.1866324306   -1.7005556543   -2.6641244734
   0.9733251406   -2.1934895749    2.1713355133
   0.4526646537   -3.0952999918    1.9336607963
   1.4939856276   -3.0952999918    1.9336607963
   0.7062862103   -4.0507861316    1.2677110378
   1.7528080257   -3.9003190103    1.2677110378
   0.4526646537   -4.4746522164    0.3053857548
   1.4939856276   -4.4746522164    0.3053857548
   2.4321834066   -4.0228399786    0.3053857548
   0.4526646537   -4.4746522164   -0.7627147282
   1.4939856276   -4.4746522164   -0.7627147282
  -0.2554526316   -3.6115747191   -1.7250400112
   0.7062862103   -4.0507861316   -1.7250400112
   1.7528080257   -3.9003190103   -1.7250400112
  -0.0679958332   -2.1934895749   -2.3909897697
   0.4526646537   -3.0952999918   -2.3909897697
   1.4939856276   -3.0952999918   -2.3909897697
   0.9733251406   -2.1934895749   -2.6286644867
   0.1900440951   -1.1069356614    2.3029254280
   1.2313650690   -1.1069356614    2.0652507109
  -0.3306163918   -0.2051252445    2.0652507109
  -0.3306163918   -2.0087460782    2.0652507109
  -0.3306163918   -0.2051252445   -2.2593998550
  -0.3306163918   -2.0087460782   -2.2593998550
   0.1900440951   -1.1069356614   -2.4970745720
   0.9236312019    0.0337606032    2.3459171164
  -0.1176897720    0.0337606032    2.1082423993
   1.4442916888   -0.8680498137    2.1082423993
   1.4442916888    0.9355710200   -2.2164081666
  -0.1176897720    0.0337606032   -2.2164081666
   0.9236312019    0.0337606032   -2.4540828836
   0.3420765953    1.3357800858    2.4822344065
   1.3833975692    1.3357800858    2.2445596895
  -0.1785838916    2.2375905027    2.2445596895
  -0.1785838916    0.4339696689    2.2445596895
   1.3833975692    1.3357800858   -2.0800908764
  -0.1785838916    2.2375905027   -2.0800908764
   0.3420765953    1.3357800858   -2.3177655935
   0.9460853752    2.3739038362    2.3659236899
   1.9179849508    2.3739038362    2.1440939540
   1.4320351630    3.2155935587    2.1440939540
   0.4601355874    3.2155935587    2.1440939540
   2.3629188767    3.4032936302    1.5225408460
   1.4872676164    4.0394915106    1.5225408460
   0.4049031340    4.0394915106    1.5225408460
   2.8797783547    3.3887842020    0.6243705819
   2.1866470528    4.1711677066    0.6243705819
   1.2093180210    4.5418197179    0.6243705819
   2.8797783547    3.3887842020   -0.3725232022
   2.1866470528    4.1711677066   -0.3725232022
   1.2093180210    4.5418197179   -0.3725232022
   2.3629188767    3.4032936302   -1.2706934663
   1.4872676164    4.0394915106   -1.2706934663
   0.4049031340    4.0394915106   -1.2706934663
   1.9179849508    2.3739038362   -1.8922465742
   1.4320351630    3.2155935587   -1.8922465742
   0.4601355874    3.2155935587   -1.8922465742
   0.9460853752    2.3739038362   -2.1140763101
  -1.0492518395    1.2704826493    2.5614805429
  -0.5285913525    2.1722930662    2.3238058259
  -0.5285913525    0.3686722324    2.3238058259
  -0.5285913525    2.1722930662   -2.0008447401
  -2.0905728133    1.2704826493   -2.0008447401
  -0.5285913525    0.3686722324   -2.0008447401
  -1.0492518395    1.2704826493   -2.2385194571
  -1.8232612259    0.1149672576    2.5197090363
  -0.7819402520    0.1149672576    2.2820343192
  -2.3439217129   -0.7868431592    2.2820343192
  -2.3439217129    1.0167776745   -2.0426162467
  -2.8645821998    0.1149672576   -2.0426162467
  -1.8232612259    0.1149672576   -2.2802909637
  -3.0178699601    0.1732745359    2.4372100761
  -3.5038197479    1.0149642583    2.2153803402
  -3.9897695357    0.1732745359    2.2153803402
  -3.5038197479   -0.6684151865    2.2153803402
  -4.4347034616    1.2026643299    1.5938272323
  -4.7691724808    0.1732745359    1.5938272323
  -4.4347034616   -0.8561152581    1.5938272323
  -4.6524965670    1.6214273427    0.6956569682
  -5.1382501048    0.6959013028    0.6956569682
  -5.1382501048   -0.3493522310    0.6956569682
  -4.6524965670   -1.2748782708    0.6956569682
  -4.6524965670    1.6214273427   -0.3012368160
  -5.1382501048    0.6959013028   -0.3012368160
  -5.1382501048   -0.3493522310   -0.3012368160
  -4.6524965670   -1.2748782708   -0.3012368160
  -4.4347034616    1.2026643299   -1.1994070801
  -4.7691724808    0.1732745359   -1.1994070801
  -4.4347034616   -0.8561152581   -1.1994070801
  -3.5038197479    1.0149642583   -1.8209601880
  -3.9897695357    0.1732745359   -1.8209601880
  -3.5038197479   -0.6684151865   -1.8209601880
  -3.0178699601    0.1732745359   -2.0427899239
  -1.1763345767   -1.0877540153    2.3874043510
  -0.6556740897   -1.9895644322    2.1497296339
  -0.6556740897   -0.1859435984   -2.1749209320
  -0.6556740897   -1.9895644322   -2.1749209320
  -1.1763345767   -1.0877540153   -2.4125956490
  -0.9380136314   -2.3043255477    2.1055911546
  -3.4381928712   -4.1336759514    0.4773161132
  -2.4999950923   -4.5854881892    0.4773161132
  -3.4381928712   -4.1336759514   -0.5907843698
  -2.4999950923   -4.5854881892   -0.5907843698
  -2.2463735357   -4.1616221044   -1.5531096528
  -0.9380136314   -2.3043255477   -2.2190594113
  -1.4586741184   -3.2061359646   -2.2190594113
  -0.7595014254    2.5189181465    2.4658329787
  -2.0678613296    4.3762147032    1.7998832202
  -2.3214828862    4.8000807880    0.8375579373
  -3.2596806651    4.3482685502    0.8375579373
  -2.3214828862    4.8000807880   -0.2305425457
  -1.2801619123    3.4207285634   -1.8588175872
   5.2521721909   -0.1668019526    1.3887209447
   4.7721721909   -0.9981863403    1.3887209447
   5.9549409662   -0.1668019526    0.6859521694
   5.6373803878    0.8105490114    0.6859521694
   4.8059960002   -1.7481890315    0.6859521694
   5.6373803878   -1.1441529167    0.6859521694
   6.2121721909   -0.1668019526   -0.2740478306
   5.9549409662    0.7931980474   -0.2740478306
   5.2521721909   -1.8295707279   -0.2740478306
   5.9549409662   -1.1268019526   -0.2740478306
   5.9549409662   -0.1668019526   -1.2340478306
   5.6373803878    0.8105490114   -1.2340478306
   4.8059960002   -1.7481890315   -1.2340478306
   5.6373803878   -1.1441529167   -1.2340478306
   5.2521721909   -0.1668019526   -1.9368166059
   4.7721721909   -0.9981863403   -1.9368166059
   5.0416047434    2.1214173067   -0.9980977257
   4.3388359681    2.8241860820   -0.9980977257
   3.3788359681    3.0814173067   -0.9980977257
   5.0416047434    1.1614173067   -1.9580977257
   4.7240441650    2.1387682708   -1.9580977257
   3.8926597774    2.7428043855   -1.9580977257
   2.8650121588    2.7428043855   -1.9580977257
   2.0336277712    2.1387682708   -1.9580977257
   4.3388359681    1.1614173067   -2.6608665010
   3.8588359681    1.9928016943   -2.6608665010
   2.8988359681    1.9928016943   -2.6608665010
   2.4188359681    1.1614173067   -2.6608665010
   2.8988359681    0.3300329191   -2.6608665010
   3.8588359681    0.3300329191   -2.6608665010
   3.3788359681    1.1614173067   -2.9180977257
   3.4854128968    1.0261341107    2.6700383710
   4.4454128968    1.0261341107    2.4128071463
   3.9654128968    1.8575184983    2.4128071463
   3.0054128968    1.8575184983    2.4128071463
   2.5254128968    1.0261341107    2.4128071463
   3.0054128968    0.1947497230    2.4128071463
   3.9654128968    0.1947497230    2.4128071463
   5.1481816720    1.0261341107    1.7100383710
   4.8306210937    2.0034850747    1.7100383710
   3.9992367061    2.6075211895    1.7100383710
   2.9715890875    2.6075211895    1.7100383710
   5.1481816720    1.9861341107    0.7500383710
   4.4454128968    2.6889028859    0.7500383710
   3.4854128968    2.9461341107    0.7500383710
   4.0317280273   -2.2960420041    1.2987844589
   3.5517280273   -3.1274263917    1.2987844589
   4.7344968025   -2.2960420041    0.5960156836
   3.5855518366   -3.8774290829    0.5960156836
   4.4169362242   -3.2733929681    0.5960156836
   4.9917280273   -2.2960420041   -0.3639843164
   3.0717280273   -4.2160420041   -0.3639843164
   4.0317280273   -3.9588107793   -0.3639843164
   4.7344968025   -3.2560420041   -0.3639843164
   4.7344968025   -2.2960420041   -1.3239843164
   2.5579042180   -3.8774290829   -1.3239843164
   3.5855518366   -3.8774290829   -1.3239843164
   4.4169362242   -3.2733929681   -1.3239843164
   4.0317280273   -2.2960420041   -2.0267530916
   3.5517280273   -3.1274263917   -2.0267530916
  -0.8279771411   -3.9720279053    1.5014738832
  -1.8218009504   -4.7220305965    0.7987051080
  -0.7941533318   -4.7220305965    0.7987051080
  -2.2679771411   -4.8034122929   -0.1612948920
  -1.3079771411   -5.0606435176   -0.1612948920
  -0.3479771411   -4.8034122929   -0.1612948920
  -1.8218009504   -4.7220305965   -1.1212948920
  -0.7941533318   -4.7220305965   -1.1212948920
  -1.7879771411   -3.9720279053   -1.8240636673
  -0.8279771411   -3.9720279053   -1.8240636673
  -2.5542627254   -2.4022196997    2.7732299326
  -1.5942627254   -2.4022196997    2.5159987078
  -2.0742627254   -1.5708353120    2.5159987078
  -3.0342627254   -1.5708353120    2.5159987078
  -3.5142627254   -2.4022196997    2.5159987078
  -3.0342627254   -3.2336040873    2.5159987078
  -2.0742627254   -3.2336040873    2.5159987078
  -3.8994709223   -1.4248687356    1.8132299326
  -4.2170315007   -2.4022196997    1.8132299326
  -3.8994709223   -3.3795706637    1.8132299326
  -3.0680865347   -3.9836067785    1.8132299326
  -2.0404389162   -3.9836067785    1.8132299326
  -4.4742627254   -2.4022196997    0.8532299326
  -4.2170315007   -3.3622196997    0.8532299326
  -3.5142627254   -4.0649884749    0.8532299326
  -4.3230232583   -1.3088332270   -0.8953483704
  -4.5802544831   -2.2688332270   -0.8953483704
  -4.3230232583   -3.2288332270   -0.8953483704
  -3.6202544831   -3.9316020023   -0.8953483704
  -4.0054626800   -1.2914822629   -1.8553483704
  -4.3230232583   -2.2688332270   -1.8553483704
  -4.0054626800   -3.2461841911   -1.8553483704
  -3.1740782923   -3.8502203058   -1.8553483704
  -1.7002544831   -2.2688332270   -2.5581171457
  -2.1802544831   -1.4374488394   -2.5581171457
  -3.1402544831   -1.4374488394   -2.5581171457
  -3.6202544831   -2.2688332270   -2.5581171457
  -3.1402544831   -3.1002176146   -2.5581171457
  -2.1802544831   -3.1002176146   -2.5581171457
  -2.6602544831   -2.2688332270   -2.8153483704
  -2.3746270671    2.5006413064    3.1389546295
  -1.4146270671    2.5006413064    2.8817234047
  -1.8946270671    3.3320256940    2.8817234047
  -2.8546270671    3.3320256940    2.8817234047
  -3.3346270671    2.5006413064    2.8817234047
  -2.8546270671    1.6692569188    2.8817234047
  -1.8946270671    1.6692569188    2.8817234047
  -1.8608032579    4.0820283852    2.1789546295
  -2.8884508764    4.0820283852    2.1789546295
  -3.7198352640    3.4779922705    2.1789546295
  -4.0373958424    2.5006413064    2.1789546295
  -3.7198352640    1.5232903423    2.1789546295
  -3.3346270671    4.1634100816    1.2189546295
  -4.0373958424    3.4606413064    1.2189546295
  -4.2946270671    2.5006413064    1.2189546295
  -3.4412796812    4.2977519231   -0.5278108219
  -4.1440484565    3.5949831479   -0.5278108219
  -4.4012796812    2.6349831479   -0.5278108219
  -1.9674558720    4.2163702267   -1.4878108219
  -2.9951034905    4.2163702267   -1.4878108219
  -3.8264878781    3.6123341119   -1.4878108219
  -4.1440484565    2.6349831479   -1.4878108219
  -3.8264878781    1.6576321838   -1.4878108219
  -1.5212796812    2.6349831479   -2.1905795972
  -2.0012796812    3.4663675355   -2.1905795972
  -2.9612796812    3.4663675355   -2.1905795972
  -3.4412796812    2.6349831479   -2.1905795972
  -2.9612796812    1.8035987602   -2.1905795972
  -2.0012796812    1.8035987602   -2.1905795972
  -2.4812796812    2.6349831479   -2.4478108219
  -0.1332819288    3.3286784589    1.9854366723
  -0.6132819288    4.1600628466    1.9854366723
   0.2519262681    4.3060294230    1.2826678971
  -0.5794581195    4.9100655377    1.2826678971
  -1.6071057381    4.9100655377    1.2826678971
  -0.1332819288    4.9914472342    0.3226678971
  -1.0932819288    5.2486784589    0.3226678971
  -2.0532819288    4.9914472342    0.3226678971
  -0.5794581195    4.9100655377   -0.6373321029
  -1.6071057381    4.9100655377   -0.6373321029
  -0.6132819288    4.1600628466   -1.3401008782
   3.9387069593   -0.4280651205    2.3225313016
   5.3312726348    0.4667515294    1.7372448730
   4.2151898119   -1.2699072418    1.7372448730
   5.0281957356   -0.5654335987    1.7372448730
   5.6695284061    1.5490635558    0.8613018312
   5.9165590634    1.4999967968   -0.1719434362
   5.3312726348    2.3759398386   -0.1719434362
   4.4553295930    2.9612262672   -0.1719434362
   3.4220843256    3.1667515294   -0.1719434362
   5.6695284061    1.5490635558   -1.2051887036
   5.3312726348    0.4667515294   -2.0811317454
   3.9387069593   -0.4280651205   -2.6664181740
   2.2402730552   -0.3760361372    2.5348254273
   1.7236504215    0.5187805127   -2.6596493105
   2.2402730552   -0.3760361372   -2.8651745727
   2.1866324306   -1.7005556543    2.4358755266
   3.2198776980   -1.7005556543    2.2303502644
   2.7032550643   -2.5953723042    2.2303502644
   4.0958207398   -1.7005556543    1.6450638358
   2.9797379169   -3.4372144255    1.6450638358
   3.7927438406   -2.7327407824    1.6450638358
   2.7417052790   -4.1324887023    0.7691207940
   4.0958207398   -1.7005556543   -2.1733127826
   3.2198776980   -1.7005556543   -2.7585992112
   2.7032550643   -2.5953723042   -2.7585992112
   2.1866324306   -1.7005556543   -2.9641244734
   0.9733251406   -2.1934895749    2.4713355133
   0.4567025070   -3.0883062248    2.2658102511
   1.4899477743   -3.0883062248    2.2658102511
  -0.2769273168   -3.6363578269    1.6805238225
   0.7016193152   -4.0832450999    1.6805238225
   1.7664306269   -3.9301483461    1.6805238225
   0.4182522923   -4.6254226230    0.8045807807
   1.5283979890   -4.6254226230    0.8045807807
   0.9733251406   -4.8934895749   -0.2286644867
   2.0065704080   -4.6879643127   -0.2286644867
   0.4182522923   -4.6254226230   -1.2619097541
   1.5283979890   -4.6254226230   -1.2619097541
  -0.2769273168   -3.6363578269   -2.1378527959
   0.7016193152   -4.0832450999   -2.1378527959
   1.7664306269   -3.9301483461   -2.1378527959
  -0.0599201267   -2.1934895749   -2.7231392245
   0.4567025070   -3.0883062248   -2.7231392245
   1.4899477743   -3.0883062248   -2.7231392245
   0.9733251406   -2.1934895749   -2.9286644867
   0.1900440951   -1.1069356614    2.6029254280
   1.2232893625   -1.1069356614    2.3974001657
  -0.3265785386   -0.2121190115    2.3974001657
  -0.3265785386   -2.0017523113    2.3974001657
  -0.3265785386   -0.2121190115   -2.5915493098
  -0.3265785386   -2.0017523113   -2.5915493098
   0.1900440951   -1.1069356614   -2.7970745720
   0.9236312019    0.0337606032    2.6459171164
  -0.1096140655    0.0337606032    2.4403918541
   1.4402538356   -0.8610560467    2.4403918541
   1.4402538356    0.9285772531   -2.5485576214
  -0.1096140655    0.0337606032   -2.5485576214
   0.9236312019    0.0337606032   -2.7540828836
   0.3420765953    1.3357800858    2.7822344065
   1.3753218627    1.3357800858    2.5767091443
  -0.1745460384    2.2305967357    2.5767091443
   1.3753218627    1.3357800858   -2.4122403312
   0.8586992290    2.2305967357   -2.4122403312
  -0.1745460384    2.2305967357   -2.4122403312
   0.3420765953    1.3357800858   -2.6177655935
   0.9460853752    2.3739038362    2.6459236899
   2.0394723977    2.3739038362    2.3963652370
   1.4927788864    3.3208047740    2.3963652370
   0.3993918639    3.3208047740    2.3963652370
   2.6035359869    3.4390826660    1.6971179905
   1.7645424045    4.1660747434    1.6971179905
   0.6656944983    4.3240652208    1.6971179905
   3.1596022124    3.4398773634    0.6866764434
   2.4778865544    4.2947217601    0.6866764434
   1.4927788864    4.7691246098    0.6866764434
   3.1596022124    3.4398773634   -0.4348290637
   2.4778865544    4.2947217601   -0.4348290637
   1.4927788864    4.7691246098   -0.4348290637
   0.3993918639    4.7691246098   -0.4348290637
   2.6035359869    3.4390826660   -1.4452706108
   1.7645424045    4.1660747434   -1.4452706108
   0.6656944983    4.3240652208   -1.4452706108
   1.4927788864    3.3208047740   -2.1445178573
   0.3993918639    3.3208047740   -2.1445178573
   0.9460853752    2.3739038362   -2.3940763101
  -1.0492518395    1.2704826493    2.8614805429
  -0.5326292058    0.3756659994    2.6559552807
  -2.0824971068    1.2704826493   -2.3329941949
  -0.5326292058    0.3756659994   -2.3329941949
  -1.0492518395    1.2704826493   -2.5385194571
  -1.8232612259    0.1149672576    2.8197090363
  -0.7900159585    0.1149672576    2.6141837741
  -2.3398838596   -0.7798493923    2.6141837741
  -2.3398838596    1.0097839075   -2.3747657015
  -2.8565064933    0.1149672576   -2.3747657015
  -1.8232612259    0.1149672576   -2.5802909637
  -3.0178699601    0.1732745359    2.7172100761
  -3.5645634714    1.1201754736    2.4676516232
  -4.1112569827    0.1732745359    2.4676516232
  -3.5645634714   -0.7736264018    2.4676516232
  -4.3080866209    1.6622639374    1.7684043768
  -4.9082777313    0.7283483400    1.7684043768
  -4.9082777313   -0.3817992682    1.7684043768
  -4.3080866209   -1.3157148655    1.7684043768
  -4.5496711393    2.0940924598    0.7579628297
  -5.2313867973    1.2392480631    0.7579628297
  -5.4746882988    0.1732745359    0.7579628297
  -5.2313867973   -0.8926989912    0.7579628297
  -5.2313867973    1.2392480631   -0.3635426775
  -5.4746882988    0.1732745359   -0.3635426775
  -5.2313867973   -0.8926989912   -0.3635426775
  -4.3080866209    1.6622639374   -1.3739842246
  -4.9082777313    0.7283483400   -1.3739842246
  -4.9082777313   -0.3817992682   -1.3739842246
  -3.5645634714    1.1201754736   -2.0732314710
  -4.1112569827    0.1732745359   -2.0732314710
  -3.0178699601    0.1732745359   -2.3227899239
  -1.1763345767   -1.0877540153    2.6874043510
  -0.6597119430   -1.9825706652    2.4818790888
  -0.6597119430   -0.1929373654   -2.5070703868
  -0.6597119430   -1.9825706652   -2.5070703868
  -1.1763345767   -1.0877540153   -2.7125956490
  -0.9460893379   -2.3043255477    2.4377406095
  -1.1862291190   -4.0409843189    1.8524541809
  -0.3732231954   -3.3365106759    1.8524541809
  -2.5344074537   -4.7362585958    0.9765111391
  -4.6793346053   -2.3043255477   -0.0567341283
  -4.4738093431   -3.3375708151   -0.0567341283
  -3.8885229145   -4.2135138569   -0.0567341283
  -3.0125798727   -4.7988002855   -0.0567341283
  -3.5346141653   -4.2545844300   -1.0899793957
  -2.5344074537   -4.7362585958   -1.0899793957
  -2.2510404308   -4.1940810728   -1.9659224375
  -0.9460893379   -2.3043255477   -2.5512088661
  -1.4627119716   -3.1991421976   -2.5512088661
  -0.7675771319    2.5189181465    2.7979824335
  -2.0725282247    4.4086736716    2.2126960050
  -2.3558952476    4.9508511946    1.3367529631
  -3.3561019592    4.4691770288    1.3367529631
  -2.8340676666    5.0133928843    0.3035076958
  -3.7100107084    4.4281064557    0.3035076958
  -4.2952971370    3.5521634139    0.3035076958
  -4.5008223992    2.5189181465    0.3035076958
  -2.3558952476    4.9508511946   -0.7297375716
  -1.2841997655    3.4137347964   -2.1909670420
   5.3721721909   -0.1668019526    1.5965670416
   4.8321721909   -1.1021093887    1.5965670416
   6.1627870631   -0.1668019526    0.8059521694
   5.0692536924   -1.8683730914    0.8059521694
   5.8658335607   -1.1781327063    0.8059521694
   6.4521721909   -0.1668019526   -0.2740478306
   6.2047572063    0.8370000990   -0.2740478306
   5.5191920438   -1.9444471030   -0.2740478306
   6.2047572063   -1.1706040043   -0.2740478306
   6.1627870631   -0.1668019526   -1.3540478306
   5.8658335607    0.8445288010   -1.3540478306
   5.0692536924   -1.8683730914   -1.3540478306
   5.8658335607   -1.1781327063   -1.3540478306
   5.3721721909   -0.1668019526   -2.1446627028
   4.8321721909   -1.1021093887   -2.1446627028
   4.6058558210    2.9390624570   -0.9980977257
   3.6391951975    3.3056684748   -0.9980977257
   5.2494508403    1.1614173067   -2.0780977257
   4.9524973379    2.1727480603   -2.0780977257
   4.1559174696    2.8629884454   -2.0780977257
   3.1126197151    3.0129920167   -2.0780977257
   2.1538437400    2.5751337001   -2.0780977257
   4.4588359681    1.1614173067   -2.8687125979
   3.9188359681    2.0967247428   -2.8687125979
   2.8388359681    2.0967247428   -2.8687125979
   2.2988359681    1.1614173067   -2.8687125979
   2.8388359681    0.2261098706   -2.8687125979
   3.9188359681    0.2261098706   -2.8687125979
   3.3788359681    1.1614173067   -3.1580977257
   3.4854128968    1.0261341107    2.9100383710
   4.5654128968    1.0261341107    2.6206532432
   4.0254128968    1.9614415468    2.6206532432
   2.9454128968    1.9614415468    2.6206532432
   2.4054128968    1.0261341107    2.6206532432
   2.9454128968    0.0908266746    2.6206532432
   4.0254128968    0.0908266746    2.6206532432
   5.3560277690    1.0261341107    1.8300383710
   5.0590742666    2.0374648643    1.8300383710
   4.2624943982    2.7277052494    1.8300383710
   3.2191966438    2.8777088207    1.8300383710
   4.7124327497    2.8037792610    0.7500383710
   3.7457721261    3.1703852787    0.7500383710
   4.1517280273   -2.2960420041    1.5066305558
   3.6117280273   -3.2313494401    1.5066305558
   4.9423428995   -2.2960420041    0.7160156836
   2.8055117743   -4.1476167140    0.7160156836
   3.8488095287   -3.9976131428    0.7160156836
   4.6453893971   -3.3073727577    0.7160156836
   5.2317280273   -2.2960420041   -0.3639843164
   3.3320872566   -4.4402931721   -0.3639843164
   4.2987478802   -4.0736871544   -0.3639843164
   4.9843130427   -3.2998440557   -0.3639843164
   4.9423428995   -2.2960420041   -1.4439843164
   2.8055117743   -4.1476167140   -1.4439843164
   3.8488095287   -3.9976131428   -1.4439843164
   4.6453893971   -3.3073727577   -1.4439843164
   4.1517280273   -2.2960420041   -2.2345991885
   3.6117280273   -3.2313494401   -2.2345991885
  -0.7679771411   -4.0759509537    1.7093199801
  -1.5741933941   -4.9922182276    0.9187051080
  -0.5308956397   -4.8422146564    0.9187051080
  -2.0739236971   -5.1602786018   -0.1612948920
  -1.0476179118   -5.2848946857   -0.1612948920
  -0.0809572882   -4.9182886680   -0.1612948920
  -1.5741933941   -4.9922182276   -1.2412948920
  -0.5308956397   -4.8422146564   -1.2412948920
  -0.7679771411   -4.0759509537   -2.0319097642
  -2.5542627254   -2.4022196997    3.0132299326
  -1.4742627254   -2.4022196997    2.7238448047
  -2.0142627254   -1.4669122636    2.7238448047
  -3.0942627254   -1.4669122636    2.7238448047
  -3.6342627254   -2.4022196997    2.7238448047
  -3.0942627254   -3.3375271358    2.7238448047
  -2.0142627254   -3.3375271358    2.7238448047
  -4.3491045516   -1.8752065889    1.9332299326
  -4.3491045516   -2.9292328105    1.9332299326
  -3.7792549536   -3.8159360931    1.9332299326
  -2.8204789784   -4.2537944097    1.9332299326
  -4.6514970511   -1.8852978648    0.8532299326
  -4.6514970511   -2.9191415345    0.8532299326
  -4.1710459415   -3.8345646415    0.8532299326
  -4.7574888087   -1.7519113921   -0.8953483704
  -4.7574888087   -2.7857550619   -0.8953483704
  -4.2770376991   -3.7011781688   -0.8953483704
  -3.8852467112   -0.8551168336   -1.9753483704
  -4.4550963093   -1.7418201162   -1.9753483704
  -4.4550963093   -2.7958463378   -1.9753483704
  -3.8852467112   -3.6825496204   -1.9753483704
  -2.9264707361   -4.1204079370   -1.9753483704
  -1.5802544831   -2.2688332270   -2.7659632426
  -2.1202544831   -1.3335257909   -2.7659632426
  -3.2002544831   -1.3335257909   -2.7659632426
  -3.7402544831   -2.2688332270   -2.7659632426
  -3.2002544831   -3.2041406631   -2.7659632426
  -2.1202544831   -3.2041406631   -2.7659632426
  -2.6602544831   -2.2688332270   -3.0553483704
  -2.3746270671    2.5006413064    3.3789546295
  -1.2946270671    2.5006413064    3.0895695016
  -1.8346270671    3.4359487425    3.0895695016
  -2.9146270671    3.4359487425    3.0895695016
  -3.4546270671    2.5006413064    3.0895695016
  -2.9146270671    1.5653338703    3.0895695016
  -1.8346270671    1.5653338703    3.0895695016
  -2.6408433201    4.3522160164    2.2989546295
  -3.5996192953    3.9143576998    2.2989546295
  -4.1694688933    3.0276544172    2.2989546295
  -4.1694688933    1.9736281956    2.2989546295
  -3.9914102832    3.9329862482    1.2189546295
  -4.4718613928    3.0175631412    1.2189546295
  -4.4718613928    1.9837194715    1.2189546295
  -3.2472262372    4.6546182321   -0.5278108219
  -4.0980628973    4.0673280897   -0.5278108219
  -4.5785140069    3.1519049827   -0.5278108219
  -4.5785140069    2.1180613130   -0.5278108219
  -2.7474959342    4.4865578578   -1.6078108219
  -3.7062719093    4.0486995413   -1.6078108219
  -4.2761215074    3.1619962587   -1.6078108219
  -4.2761215074    2.1079700371   -1.6078108219
  -1.4012796812    2.6349831479   -2.3984256941
  -1.9412796812    3.5702905839   -2.3984256941
  -3.0212796812    3.5702905839   -2.3984256941
  -3.5612796812    2.6349831479   -2.3984256941
  -3.0212796812    1.6996757118   -2.3984256941
  -1.9412796812    1.6996757118   -2.3984256941
  -2.4812796812    2.6349831479   -2.6878108219
  -0.5532819288    4.2639858950    2.1932827692
  -0.3162004273    5.0302495977    1.4026678971
  -1.3594981818    5.1802531689    1.4026678971
   0.1337379241    5.1063236093    0.3226678971
  -0.8329226994    5.4729296270    0.3226678971
  -1.8592284848    5.3483135431    0.3226678971
  -0.3162004273    5.0302495977   -0.7573321029
  -1.3594981818    5.1802531689   -0.7573321029
  -0.5532819288    4.2639858950   -1.5479469751
   3.9351145406   -0.4218428687    2.6471344261
   4.2231551953   -1.2873489985    2.1261898931
   5.0443263681   -0.5758001268    2.1261898931
   6.0201605370    0.4667515294    1.3280565638
   5.7955450471    1.5234843261    1.3280565638
   6.1770019686    1.5340123102    0.3490010968
   5.6054294593    2.4571336085    0.3490010968
   4.7389840914    3.1114427781    0.3490010968
   3.6946841129    3.4085717397    0.3490010968
   6.1770019686    1.5340123102   -0.6928879692
   5.6054294593    2.4571336085   -0.6928879692
   5.7955450471    1.5234843261   -1.6719434362
   5.3504471547    0.4667515294   -2.4700767656
   4.2231551953   -1.2873489985   -2.4700767656
   3.9351145406   -0.4218428687   -2.9910212986
   2.2402730552   -0.3760361372    2.8348254273
   2.7533032702   -1.2646305353    2.6539032896
   1.7272428403    0.5125582610   -2.9842524351
   2.2402730552   -0.3760361372   -3.1651745727
   2.1866324306   -1.7005556543    2.7358755266
   3.2126928606   -1.7005556543    2.5549533889
   2.6996626456   -2.5891500524    2.5549533889
   4.1149952597   -1.7005556543    2.0340088559
   2.9877033003   -3.4546561822    2.0340088559
   3.8088744732   -2.7431073105    2.0340088559
   2.9894821326   -4.1714729649    1.2358755266
   4.1149952597   -1.7005556543   -2.5622578028
   2.9877033003   -3.4546561822   -2.5622578028
   3.2126928606   -1.7005556543   -3.0832023358
   1.6736022157   -0.8119612561   -3.0832023358
   2.6996626456   -2.5891500524   -3.0832023358
   2.1866324306   -1.7005556543   -3.2641244734
   0.9733251406   -2.1934895749    2.7713355133
   0.4602949257   -3.0820839731    2.5904133757
   1.4863553556   -3.0820839731    2.5904133757
  -0.2894839569   -3.6508489621    2.0694688427
   0.6988904965   -4.1022244508    2.0694688427
   1.7743960104   -3.9475901028    2.0694688427
   0.7017522268   -4.7773332529    1.2713355133
   1.7761748426   -4.6644068855    1.2713355133
   0.1648088376   -5.0351296262    0.2922800463
   1.2459249279   -5.1353097851    0.2922800463
   2.2902249064   -4.8381808235    0.2922800463
   0.1648088376   -5.0351296262   -0.7496090197
   1.2459249279   -5.1353097851   -0.7496090197
   2.2902249064   -4.8381808235   -0.7496090197
   0.7017522268   -4.7773332529   -1.7286644867
   1.7761748426   -4.6644068855   -1.7286644867
  -0.2894839569   -3.6508489621   -2.5267978160
   0.6988904965   -4.1022244508   -2.5267978160
   1.7743960104   -3.9475901028   -2.5267978160
  -0.0527352893   -2.1934895749   -3.0477423491
   0.4602949257   -3.0820839731   -3.0477423491
   1.4863553556   -3.0820839731   -3.0477423491
   0.9733251406   -2.1934895749   -3.2286644867
   0.1900440951   -1.1069356614    2.9029254280
   1.2161045251   -1.1069356614    2.7220032903
  -0.3229861199   -1.9955300595    2.7220032903
  -0.3229861199   -0.2183412632   -2.9161524344
   0.1900440951   -1.1069356614   -3.0970745720
   0.9236312019    0.0337606032    2.9459171164
  -0.1024292281    0.0337606032    2.7649949787
   1.4366614169   -0.8548337950    2.7649949787
   1.4366614169    0.9223550014   -2.8731607460
  -0.1024292281    0.0337606032   -2.8731607460
   0.9236312019    0.0337606032   -3.0540828836
   0.3420765953    1.3357800858    3.0822344065
   1.3681370253    1.3357800858    2.9013122689
  -0.1709536197    2.2243744840    2.9013122689
   1.3681370253    1.3357800858   -2.7368434558
   0.8551068103    2.2243744840   -2.7368434558
  -0.1709536197    2.2243744840   -2.7368434558
   0.3420765953    1.3357800858   -2.9177655935
   0.9460853752    2.3739038362    2.9259236899
   2.0175989858    2.3739038362    2.7127863809
   1.4818421805    3.3018618435    2.7127863809
   0.4103285699    3.3018618435    2.7127863809
   2.6607281951    3.3638533299    2.1058226772
   1.9360348688    4.0885466562    2.1058226772
   0.9460853752    4.3538028236    2.1058226772
   3.3093020361    3.4260756833    1.1974373005
   2.6770343762    4.2963174593    1.1974373005
   1.7454699088    4.8341564553    1.1974373005
   0.6756845934    4.9465954228    1.1974373005
   3.0153103434    4.2602516384    0.1259236899
   2.1941527713    4.8803610520    0.1259236899
   1.2044367817    5.1619595299    0.1259236899
   2.6770343762    4.2963174593   -0.9455899208
   1.7454699088    4.8341564553   -0.9455899208
   0.6756845934    4.9465954228   -0.9455899208
   2.6607281951    3.3638533299   -1.8539752975
   1.9360348688    4.0885466562   -1.8539752975
   0.9460853752    4.3538028236   -1.8539752975
  -0.0438641185    4.0885466562   -1.8539752975
   1.4818421805    3.3018618435   -2.4609390012
   0.4103285699    3.3018618435   -2.4609390012
   0.9460853752    2.3739038362   -2.6740763101
  -1.0492518395    1.2704826493    3.1614805429
  -0.5362216245    0.3818882511    2.9805584053
  -2.0753122694    1.2704826493   -2.6575973195
  -0.5362216245    0.3818882511   -2.6575973195
  -1.0492518395    1.2704826493   -2.8385194571
  -1.8232612259    0.1149672576    3.1197090363
  -0.7972007960    0.1149672576    2.9387868986
  -2.3362914409   -0.7736271405    2.9387868986
  -2.3362914409    1.0035616558   -2.6993688261
  -2.8493216559    0.1149672576   -2.6993688261
  -1.8232612259    0.1149672576   -2.8802909637
  -3.0178699601    0.1732745359    2.9972100761
  -3.5536267654    1.1012325432    2.7840727671
  -4.0893835707    0.1732745359    2.7840727671
  -3.5536267654   -0.7546834714    2.7840727671
  -4.7325127800    1.1632240296    2.1771090634
  -4.9977689474    0.1732745359    2.1771090634
  -4.7325127800   -0.8166749577    2.1771090634
  -5.1106858392    1.6937942754    1.2687236867
  -5.5482034947    0.7111135319    1.2687236867
  -5.5482034947   -0.3645644601    1.2687236867
  -5.1106858392   -1.3472452036    1.2687236867
  -5.3984779401    1.6472845920    0.1972100761
  -5.7701946392    0.6877731858    0.1972100761
  -5.7701946392   -0.3412241140    0.1972100761
  -5.3984779401   -1.3007355201    0.1972100761
  -5.1106858392    1.6937942754   -0.8743035345
  -5.5482034947    0.7111135319   -0.8743035345
  -5.5482034947   -0.3645644601   -0.8743035345
  -5.1106858392   -1.3472452036   -0.8743035345
  -4.7325127800    1.1632240296   -1.7826889112
  -4.9977689474    0.1732745359   -1.7826889112
  -4.7325127800   -0.8166749577   -1.7826889112
  -3.5536267654    1.1012325432   -2.3896526149
  -4.0893835707    0.1732745359   -2.3896526149
  -1.1763345767   -1.0877540153    2.9874043510
  -0.6633043617   -1.9763484135    2.8064822133
  -0.6633043617   -0.1991596171   -2.8316735114
  -1.1763345767   -1.0877540153   -3.0125956490
  -0.9532741754   -2.3043255477    2.7623437340
  -1.1782637356   -4.0584260757    2.2413992010
  -0.3570925628   -3.3468772040    2.2413992010
  -2.2509075192   -4.8881692258    1.4432658717
  -4.8834531940   -2.8471993970    0.4642104047
  -4.4912358864   -3.8596289740    0.4642104047
  -3.7597723918   -4.6620062051    0.4642104047
  -2.7878509083   -5.1459655991    0.4642104047
  -4.4912358864   -3.8596289740   -0.5776786613
  -3.7597723918   -4.6620062051   -0.5776786613
  -2.7878509083   -5.1459655991   -0.5776786613
  -3.2783727110   -4.5543255477   -1.5567341283
  -2.2509075192   -4.8881692258   -1.5567341283
  -2.2537692495   -4.2130604237   -2.3548674577
  -0.9532741754   -2.3043255477   -2.8758119907
  -1.4663043903   -3.1929199459   -2.8758119907
  -0.7747619693    2.5189181465    3.1225855581
  -0.1785803567    3.5614698028    2.6016410251
  -0.9997515295    4.2730186745    2.6016410251
  -2.0723953131    5.1027618246    1.8035076958
  -3.0998605049    4.7689181465    1.8035076958
  -2.6093387022    5.3605581979    0.8244522288
  -3.5812601857    4.8765988039    0.8244522288
  -4.3127236803    4.0742215728    0.8244522288
  -4.7049409879    3.0617919958    0.8244522288
  -2.6093387022    5.3605581979   -0.2174368372
  -3.5812601857    4.8765988039   -0.2174368372
  -2.0723953131    5.1027618246   -1.1964923042
  -0.9997515295    4.2730186745   -1.9946256336
  -1.2877921842    3.4075125447   -2.5155701666
   6.1685677488   -0.1668019526    1.2223276939
   5.0716550760   -1.8736313881    1.2223276939
   5.8706965830   -1.1812579810    1.2223276939
   6.6319991801   -0.1668019526    0.2600024109
   6.4002834645    0.8484109303    0.2600024109
   5.7510304568   -1.9961523564    0.2600024109
   6.4002834645   -1.1820148356    0.2600024109
   6.6319991801   -0.1668019526   -0.8080980721
   6.4002834645    0.8484109303   -0.8080980721
   5.7510304568   -1.9961523564   -0.8080980721
   6.4002834645   -1.1820148356   -0.8080980721
   6.1685677488   -0.1668019526   -1.7704233551
   5.0716550760   -1.8736313881   -1.7704233551
   5.8706965830   -1.1812579810   -1.7704233551
   5.3334931648   -0.1668019526   -2.4363731136
   4.8128326778   -1.0686123695   -2.4363731136
   3.8994964550    3.4425799482   -0.4640474842
   5.4869472417    2.1766301897   -1.5321479672
   4.8376942340    2.9907677104   -1.5321479672
   3.8994964550    3.4425799482   -1.5321479672
   5.2552315260    1.1614173067   -2.4944732502
   4.9573603602    2.1758733350   -2.4944732502
   4.1583188532    2.8682467421   -2.4944732502
   3.1117970377    3.0187138634   -2.4944732502
   2.1500581959    2.5795024509   -2.4944732502
   4.4201569420    1.1614173067   -3.1604230087
   3.8994964550    2.0632277236   -3.1604230087
   2.8581754812    2.0632277236   -3.1604230087
   2.3375149942    1.1614173067   -3.1604230087
   2.8581754812    0.2596068898   -3.1604230087
   3.8994964550    0.2596068898   -3.1604230087
   3.3788359681    1.1614173067   -3.3980977257
   3.4854128968    1.0261341107    3.1500383710
   4.5267338707    1.0261341107    2.9123636540
   4.0060733837    1.9279445275    2.9123636540
   2.9647524098    1.9279445275    2.9123636540
   2.4440919229    1.0261341107    2.9123636540
   2.9647524098    0.1243236938    2.9123636540
   4.0060733837    0.1243236938    2.9123636540
   5.3618084547    1.0261341107    2.2464138954
   5.0639372889    2.0405901390    2.2464138954
   4.2648957819    2.7329635461    2.2464138954
   3.2183739664    2.8834306674    2.2464138954
   5.5935241704    2.0413469936    1.2840886125
   4.9442711627    2.8554845144    1.2840886125
   4.0060733837    3.3072967522    1.2840886125
   4.9481235852   -2.2960420041    1.1323912081
   3.8512109124   -4.0028714395    1.1323912081
   4.6502524194   -3.3104980324    1.1323912081
   5.4115550165   -2.2960420041    0.1700659251
   3.5923885142   -4.5772046455    0.1700659251
   4.5305862932   -4.1253924078    0.1700659251
   5.1798393009   -3.3112548870    0.1700659251
   5.4115550165   -2.2960420041   -0.8980345579
   3.5923885142   -4.5772046455   -0.8980345579
   4.5305862932   -4.1253924078   -0.8980345579
   5.1798393009   -3.3112548870   -0.8980345579
   4.9481235852   -2.2960420041   -1.8603598408
   3.8512109124   -4.0028714395   -1.8603598408
   4.6502524194   -3.3104980324   -1.8603598408
   4.1130490012   -2.2960420041   -2.5263095993
   3.5923885142   -3.1978524209   -2.5263095993
  -1.5750160715   -4.9979400743    1.3350806324
  -0.5284942560   -4.8474729531    1.3350806324
  -1.8286376280   -5.4218061591    0.3727553495
  -0.7873166542   -5.4218061591    0.3727553495
  -1.8286376280   -5.4218061591   -0.6953451335
  -0.7873166542   -5.4218061591   -0.6953451335
  -1.5750160715   -4.9979400743   -1.6576704165
  -0.5284942560   -4.8474729531   -1.6576704165
  -0.7873166542   -4.0424539345   -2.3236201750
  -2.5542627254   -2.4022196997    3.2532299326
  -1.5129417516   -2.4022196997    3.0155552155
  -2.0336022385   -1.5004092828    3.0155552155
  -3.0749232124   -1.5004092828    3.0155552155
  -3.5955836993   -2.4022196997    3.0155552155
  -3.0749232124   -3.3040301165    3.0155552155
  -2.0336022385   -3.3040301165    3.0155552155
  -4.3546510790   -1.8735779815    2.3496054570
  -4.3546510790   -2.9308614179    2.3496054570
  -3.7830404977   -3.8203048439    2.3496054570
  -2.8213016558   -4.2595162564    2.3496054570
  -1.7747798403   -4.1090491351    2.3496054570
  -4.8940897147   -2.4022196997    1.3872801741
  -4.6623739990   -3.4174325826    1.3872801741
  -4.0131209913   -4.2315701034    1.3872801741
  -5.0000814723   -2.2688332270   -0.3612981289
  -5.0000814723   -2.2688332270   -1.4293986119
  -4.7683657566   -3.2840461100   -1.4293986119
  -4.1191127490   -4.0981836307   -1.4293986119
  -3.8890322553   -0.8507480828   -2.3917238949
  -4.4606428366   -1.7401915088   -2.3917238949
  -4.4606428366   -2.7974749452   -2.3917238949
  -3.8890322553   -3.6869183712   -2.3917238949
  -2.9272934134   -4.1261297837   -2.3917238949
  -1.6189335092   -2.2688332270   -3.0576736534
  -2.1395939961   -1.3670228101   -3.0576736534
  -3.1809149700   -1.3670228101   -3.0576736534
  -3.7015754569   -2.2688332270   -3.0576736534
  -3.1809149700   -3.1706436439   -3.0576736534
  -2.1395939961   -3.1706436439   -3.0576736534
  -2.6602544831   -2.2688332270   -3.2953483704
  -2.3746270671    2.5006413064    3.6189546295
  -1.3333060933    2.5006413064    3.3812799124
  -1.8539665802    3.4024517233    3.3812799124
  -2.8952875541    3.4024517233    3.3812799124
  -3.4159480410    2.5006413064    3.3812799124
  -2.8952875541    1.5988308895    3.3812799124
  -1.8539665802    1.5988308895    3.3812799124
  -2.6416659975    4.3579378631    2.7153301539
  -3.6034048394    3.9187264506    2.7153301539
  -4.1750154207    3.0292830246    2.7153301539
  -4.1750154207    1.9719995882    2.7153301539
  -3.8334853330    4.3299917101    1.7530048710
  -4.4827383407    3.5158541894    1.7530048710
  -4.7144540564    2.5006413064    1.7530048710
  -4.5893909548    3.6501960308    0.0062394196
  -4.8211066705    2.6349831479    0.0062394196
  -3.0019401682    4.9161457893   -1.0618610634
  -3.9401379471    4.4643335516   -1.0618610634
  -4.5893909548    3.6501960308   -1.0618610634
  -4.8211066705    2.6349831479   -1.0618610634
  -2.7483186116    4.4922797045   -2.0241863464
  -3.7100574535    4.0530682921   -2.0241863464
  -4.2816680348    3.1636248660   -2.0241863464
  -4.2816680348    2.1063414297   -2.0241863464
  -1.4399587073    2.6349831479   -2.6901361049
  -1.9606191943    3.5367935647   -2.6901361049
  -3.0019401682    3.5367935647   -2.6901361049
  -3.5226006551    2.6349831479   -2.6901361049
  -3.0019401682    1.7331727310   -2.6901361049
  -1.9606191943    1.7331727310   -2.6901361049
  -2.4812796812    2.6349831479   -2.9278108219
  -0.5726214418    4.2304888758    2.4849931800
  -0.3137990437    5.0355078944    1.8190434215
  -1.3603208592    5.1859750156    1.8190434215
   0.3655763371    5.1580288627    0.8567181386
  -0.5726214418    5.6098411004    0.8567181386
  -1.6139424157    5.6098411004    0.8567181386
   0.3655763371    5.1580288627   -0.2113823444
  -0.5726214418    5.6098411004   -0.2113823444
  -1.6139424157    5.6098411004   -0.2113823444
  -0.3137990437    5.0355078944   -1.1737076274
  -1.3603208592    5.1859750156   -1.1737076274
  -0.5726214418    4.2304888758   -1.8396573859
