   0.0273347864
   0.0285183951
   0.0215037612
   0.0309773773
   0.0090127805
   0.0087683927
   0.0113725936
   0.0096053167
   0.0247053257
   0.0139813186
   0.0288442879
   0.0184933839
   0.0114332813
  -0.0091839466
  -0.0214133142
  -0.0172952444
  -0.0332651216
  -0.0203019521
  -0.0322791871
  -0.0330144090
  -0.0047078535
  -0.0347243896
  -0.0183950882
  -0.0097167172
  -0.0256641045
  -0.0167012420
  -0.0126559013
   0.0041977965
   0.0055024833
   0.0188809976
   0.0027398686
   0.0097804172
  -0.0022321392
   0.0018937856
   0.0023948643
   0.0166437394
   0.0054705054
   0.0076445628
   0.0090808668
   0.0014495451
   0.0053176522
  -0.0014722377
  -0.0046613608
   0.0148573144
   0.0048479690
  -0.0024794119
   0.0074811732
  -0.0250901298
  -0.0290102535
  -0.0401753927
  -0.0339655477
  -0.0423474093
  -0.0465457935
  -0.0387336779
  -0.0414529430
  -0.0473490883
  -0.0462110993
  -0.0406149342
  -0.0457230801
  -0.0401097113
  -0.0229654614
  -0.0376231668
  -0.0325158294
  -0.0205703593
   0.0012240912
  -0.0005952191
   0.0132144237
   0.0008859272
   0.0032791503
   0.0197038731
   0.0037286503
   0.0056506565
   0.0165780571
  -0.0035316524
   0.0196860232
  -0.0007172600
   0.0095734396
  -0.0291402399
  -0.0378754921
  -0.0465871463
  -0.0368448738
  -0.0513776272
  -0.0537449701
  -0.0496261473
  -0.0448548695
  -0.0541955028
  -0.0553010057
  -0.0528319160
  -0.0399748037
  -0.0497710722
  -0.0525902906
  -0.0477120849
  -0.0345868723
  -0.0433967130
  -0.0304491119
  -0.0222173797
   0.0040265782
   0.0032652838
   0.0134251519
   0.0029449514
   0.0026491573
   0.0047247597
   0.0096170324
   0.0003669274
   0.0094642976
   0.0119608207
   0.0029812157
   0.0035206781
  -0.0022170183
  -0.0017354371
   0.0041915832
   0.0056129213
   0.0035828645
  -0.0378041813
   0.0028668098
  -0.0009014556
  -0.0029601569
   0.0296242459
   0.0353349738
   0.0315790445
   0.0303213259
   0.0496567502
   0.0366854743
   0.0320621524
   0.0300939021
   0.0375173677
   0.0307095724
   0.0375895740
   0.0222113393
   0.0028637328
   0.0274078678
   0.0205685378
   0.0096328465
  -0.0082834502
  -0.0026520699
   0.0233085723
   0.0175534049
   0.0120249567
   0.0179932198
   0.0246611799
   0.0200832492
   0.0183630912
   0.0222486908
   0.0150800303
   0.0072971927
   0.0165003966
   0.0226896137
   0.0258189247
   0.0198243079
   0.0069563739
  -0.0188773169
   0.0050110279
   0.0365475100
   0.0255946317
   0.0440322890
   0.0252040056
   0.0360205736
   0.0441866921
   0.0260263653
   0.0365762364
   0.0371493847
   0.0272772489
  -0.0097339360
   0.0021773372
   0.0103028561
   0.0048203800
  -0.0170431008
   0.0101932935
   0.0046869721
  -0.0190668207
   0.0012779459
   0.0056884960
   0.0055505044
   0.0024400879
  -0.0032552298
   0.0063518273
   0.0070998897
  -0.0148846012
   0.0022303406
   0.0083146154
   0.0081563439
  -0.0238097028
   0.0009634485
  -0.0248087983
  -0.0003497908
  -0.0258995376
  -0.0096744155
   0.0033994516
   0.0085994896
   0.0052320366
   0.0041501088
   0.0010706429
   0.0073398147
   0.0067009419
   0.0065093263
   0.0026681349
   0.0008669341
   0.0022264215
   0.0026498498
  -0.0041471089
   0.0009130640
   0.0031188783
   0.0033563591
  -0.0027093434
  -0.0187336466
  -0.0066476661
  -0.0378386570
   0.0043598978
  -0.0055914296
  -0.0330141034
   0.0022332938
   0.0034124494
  -0.0019493254
  -0.0188122299
   0.0009372374
   0.0018161836
   0.0026270955
  -0.0050471460
   0.0014896533
   0.0023006497
  -0.0211015936
  -0.0041571838
  -0.0228952820
  -0.0013823164
   0.0043586955
  -0.0265719578
  -0.0023857091
   0.0036612977
  -0.0068286006
   0.0224111946
   0.0246991879
   0.0320846598
   0.0233187579
   0.0177061414
   0.0238074186
   0.0252547660
   0.0086446961
   0.0075277809
   0.0108880572
   0.0074607940
   0.0188561644
   0.0102422340
   0.0334358379
   0.0141232747
   0.0220127756
   0.0134823457
   0.0090704542
  -0.0053912272
  -0.0132498060
  -0.0103119183
  -0.0210187658
  -0.0129029203
  -0.0233622128
  -0.0192895247
   0.0025359554
  -0.0240210270
  -0.0189625587
  -0.0151280641
  -0.0222777498
  -0.0114104100
  -0.0073070024
  -0.0162359795
  -0.0100525911
  -0.0075508449
   0.0026700286
   0.0028807339
   0.0107736240
   0.0006675597
   0.0056718153
  -0.0034321521
   0.0006647856
   0.0027904286
   0.0096234800
   0.0037431782
   0.0054841712
   0.0053876930
   0.0024502966
   0.0015857360
  -0.0019165367
  -0.0056834325
   0.0084749436
   0.0030233911
  -0.0034369412
   0.0035995186
  -0.0179499117
  -0.0196844466
  -0.0289560617
  -0.0245124880
  -0.0305492590
  -0.0349016839
  -0.0287058426
  -0.0287749075
  -0.0360923444
  -0.0363243270
  -0.0277169294
  -0.0356035696
  -0.0362430055
  -0.0279409939
  -0.0338268486
  -0.0295692193
  -0.0137068843
  -0.0262533852
  -0.0230376153
  -0.0140681655
   0.0009846728
  -0.0025907130
   0.0078058249
  -0.0011333987
   0.0005966265
   0.0110440878
   0.0030739212
   0.0012864074
   0.0093509920
  -0.0045489717
  -0.0022788216
  -0.0126997093
   0.0045788695
  -0.0215190895
  -0.0273004513
  -0.0347130834
  -0.0267991682
  -0.0385915216
  -0.0416479894
  -0.0371042921
  -0.0403623984
  -0.0442098370
  -0.0435755145
  -0.0378050366
  -0.0396078567
  -0.0437426163
  -0.0430670848
  -0.0368886360
  -0.0369613306
  -0.0400825239
  -0.0343638118
  -0.0246581119
  -0.0315355262
  -0.0208936791
  -0.0160678283
   0.0032924758
   0.0016506325
   0.0076695058
  -0.0002163518
   0.0024026476
   0.0024154397
   0.0072961906
   0.0080998491
   0.0074233509
   0.0085655262
   0.0063221167
   0.0002989249
   0.0015822540
  -0.0033245523
   0.0010332708
   0.0026736273
   0.0018954597
   0.0021745101
  -0.0036745240
   0.0256959568
   0.0288699873
   0.0267057105
   0.0257060904
   0.0376392028
   0.0302757668
   0.0274706377
   0.0258066690
   0.0381708129
   0.0309711738
   0.0273012107
   0.0255847022
   0.0399488824
   0.0313245875
   0.0264855260
   0.0306302426
   0.0198479323
   0.0105884641
  -0.0047153708
   0.0224641843
   0.0174615838
   0.0101344976
  -0.0007082798
  -0.0057646459
   0.0193818203
   0.0150885839
   0.0100436025
   0.0118760927
   0.0170080875
   0.0208528100
   0.0162852582
   0.0143569834
   0.0179842004
   0.0129626444
   0.0059801654
   0.0091809814
   0.0152291845
   0.0189531095
   0.0210346143
   0.0163789173
   0.0077039040
  -0.0077227415
   0.0196823582
   0.0105162438
  -0.0068081077
   0.0296198078
   0.0220913040
   0.0363653765
   0.0214492934
   0.0296244041
   0.0392170232
   0.0156673366
   0.0260020525
   0.0325103767
   0.0365102836
   0.0083605022
   0.0224791039
   0.0302876036
   0.0301177469
   0.0234504116
  -0.0012072889
   0.0059421058
  -0.0000559457
   0.0079226448
   0.0043544670
  -0.0055506901
   0.0057624311
  -0.0006667221
   0.0041389148
  -0.0029397499
   0.0029522242
   0.0035237155
   0.0016934354
  -0.0046164463
  -0.0001051288
   0.0045415548
   0.0043972857
  -0.0207930446
  -0.0051139936
   0.0030942294
   0.0058548147
   0.0049100959
  -0.0099097135
   0.0014028860
   0.0065007677
  -0.0300983125
  -0.0087520306
   0.0014566525
   0.0067463768
  -0.0126972875
  -0.0023561942
   0.0039270371
   0.0061586465
   0.0032413319
   0.0028253632
  -0.0006499285
   0.0021666466
   0.0050959446
   0.0041241823
   0.0039010992
   0.0002911436
  -0.0004857549
   0.0000150661
   0.0009585932
  -0.0022968521
  -0.0046795250
  -0.0001543080
  -0.0001089895
   0.0014066757
  -0.0009653990
  -0.0083716974
  -0.0203886305
   0.0016627362
  -0.0040140050
  -0.0164691361
   0.0012907485
  -0.0033930816
  -0.0148993813
  -0.0007268915
   0.0012651094
  -0.0006830577
  -0.0082176785
  -0.0224017726
  -0.0004990168
  -0.0003604242
   0.0008234661
  -0.0025720801
  -0.0052124884
   0.0003766760
   0.0000871475
  -0.0168182139
  -0.0076013758
  -0.0239091649
  -0.0059924082
   0.0003953459
  -0.0120105743
  -0.0016978864
   0.0022019166
  -0.0077386050
  -0.0005363695
  -0.0105982298
   0.0187865151
   0.0208999554
   0.0250753014
   0.0233418062
   0.0194545464
   0.0205733101
   0.0157593725
   0.0074073414
  -0.0112467410
   0.0201485796
   0.0223789277
   0.0212380088
   0.0080046956
   0.0069405657
   0.0100779599
   0.0064379668
   0.0151921979
   0.0083156965
   0.0257329001
   0.0101755524
   0.0209338461
   0.0066405163
   0.0287865373
   0.0176499342
   0.0107582822
   0.0078337706
  -0.0028588603
  -0.0081887393
  -0.0058289578
  -0.0078509580
  -0.0133955687
  -0.0078681819
  -0.0153277212
  -0.0125809190
  -0.0165451482
  -0.0073484876
  -0.0161230342
  -0.0121555978
  -0.0105992361
  -0.0143958325
  -0.0067547222
  -0.0050233769
  -0.0102699359
  -0.0056555325
  -0.0041769846
   0.0021155398
   0.0025407421
   0.0067371214
   0.0002573922
   0.0037838740
  -0.0029293738
   0.0005258178
   0.0029013612
   0.0061278848
   0.0035754950
   0.0047525480
   0.0038055888
   0.0030620122
   0.0000018645
  -0.0016121172
  -0.0053321511
   0.0025828202
  -0.0076878918
  -0.0033238624
   0.0019292335
  -0.0131183179
  -0.0132472362
  -0.0220151595
  -0.0185355708
  -0.0217579094
  -0.0271550471
  -0.0244429569
  -0.0193156453
  -0.0275831646
  -0.0290973242
  -0.0180796297
  -0.0270122569
  -0.0289186714
  -0.0236687852
  -0.0187195575
  -0.0259115915
  -0.0245792702
  -0.0194389841
  -0.0173433338
  -0.0097252970
   0.0003566794
   0.0047164361
  -0.0006412012
   0.0067455902
   0.0020993474
  -0.0007486249
   0.0054182467
  -0.0045834972
  -0.0027813914
  -0.0091741397
   0.0020307924
  -0.0163749350
  -0.0206346508
  -0.0274424629
  -0.0203140965
  -0.0267287265
  -0.0332817480
  -0.0326619020
  -0.0247658065
  -0.0286187291
  -0.0350442436
  -0.0362454337
  -0.0336781291
  -0.0345731738
  -0.0358027962
  -0.0330353860
  -0.0253625952
  -0.0319326490
  -0.0308736466
  -0.0187267355
  -0.0246507557
  -0.0120233697
   0.0023155721
   0.0011032079
   0.0048139522
  -0.0009454451
   0.0018604951
   0.0014971508
   0.0007504112
  -0.0056583387
   0.0054167108
  -0.0130273866
  -0.0008191049
   0.0042770867
   0.0059832644
   0.0053452696
   0.0057184141
   0.0040821766
  -0.0004612784
   0.0007745391
  -0.0034287931
  -0.0004925112
   0.0005254433
   0.0003124646
   0.0008490820
  -0.0005725149
  -0.0061093467
  -0.0204363916
   0.0000250128
  -0.0037445122
   0.0228650192
   0.0256365905
   0.0234880726
   0.0320386240
   0.0263534345
   0.0240476693
   0.0225683048
   0.0326628931
   0.0269323172
   0.0239703641
   0.0224742691
   0.0338739270
   0.0272151565
   0.0234772621
   0.0272160806
   0.0096774065
  -0.0028925244
   0.0201746237
   0.0153235355
   0.0089468838
  -0.0004063426
  -0.0093164809
   0.0169118671
   0.0122586903
   0.0072206438
   0.0092530389
   0.0146070092
   0.0187267105
   0.0136476626
   0.0116207084
   0.0153494211
   0.0100925514
   0.0031438271
   0.0065586763
   0.0127257146
   0.0166078085
   0.0186451290
   0.0142263767
   0.0069599222
  -0.0057529348
   0.0097020957
  -0.0041400740
   0.0256938549
   0.0183671339
   0.0319730429
   0.0078316332
   0.0191604880
   0.0258524021
   0.0346134819
   0.0145843414
   0.0226990975
   0.0282953290
   0.0320212463
   0.0094293208
   0.0199732200
   0.0263516199
   0.0260813738
   0.0195561613
  -0.0019787725
   0.0033511056
  -0.0031302802
   0.0052494045
   0.0013384810
  -0.0090926773
   0.0030845956
  -0.0039985231
  -0.0037399900
   0.0012970904
   0.0022154789
   0.0004481773
  -0.0062281258
  -0.0019297758
   0.0027355938
   0.0029208275
  -0.0129135523
  -0.0022886081
   0.0028381205
   0.0043480876
  -0.0205065743
  -0.0049426846
   0.0022804329
  -0.0179592536
  -0.0045844447
   0.0022878206
  -0.0176834205
  -0.0084304037
  -0.0007166765
   0.0034022466
   0.0047097584
   0.0018998306
   0.0015753032
  -0.0022735150
   0.0003177314
   0.0033724011
   0.0027498681
   0.0023047411
  -0.0010781080
  -0.0015365223
  -0.0011699472
  -0.0005299576
  -0.0038083348
  -0.0059360124
  -0.0011277728
   0.0000845533
  -0.0010108594
  -0.0056674124
  -0.0147463737
  -0.0024702169
  -0.0104196641
  -0.0273365901
   0.0005986310
  -0.0023039720
  -0.0094158395
  -0.0255199619
  -0.0001979159
  -0.0009158506
  -0.0054027506
  -0.0151846363
  -0.0014740686
  -0.0015008664
  -0.0006402480
  -0.0040325998
  -0.0063335928
  -0.0003238923
  -0.0011595601
  -0.0080522943
  -0.0089765927
  -0.0019983990
  -0.0153892748
  -0.0045413190
  -0.0001544471
  -0.0108706426
  -0.0028873707
  -0.0107725208
   0.0158493961
   0.0202716479
   0.0196360150
   0.0196865694
   0.0167261761
   0.0176663001
   0.0135330881
   0.0066565420
  -0.0076047290
   0.0180428435
   0.0140012960
   0.0175577513
   0.0192061505
   0.0244205781
   0.0180643048
   0.0072123660
   0.0101168315
   0.0063715032
   0.0091219954
   0.0057870606
   0.0126065334
   0.0071306200
   0.0205494781
   0.0080634653
   0.0164160910
   0.0077236109
   0.0229184282
   0.0106056709
   0.0145682830
   0.0057886242
   0.0090376348
   0.0069998888
  -0.0012359536
  -0.0050191131
  -0.0030110277
  -0.0052647028
  -0.0085688200
  -0.0045293228
  -0.0105875196
  -0.0065722564
  -0.0100192317
  -0.0105052123
  -0.0020858154
  -0.0103699851
  -0.0104612239
  -0.0015002167
  -0.0110318855
  -0.0058668656
  -0.0073282780
  -0.0093230959
  -0.0036762060
  -0.0032827682
  -0.0064485608
  -0.0028237865
  -0.0020032659
   0.0017981626
   0.0025920942
   0.0002350779
   0.0026984944
   0.0006533802
   0.0027157828
   0.0040418819
   0.0035513932
   0.0043383242
   0.0028812988
   0.0032530171
  -0.0006826477
  -0.0012147699
  -0.0047081157
   0.0024793143
  -0.0050829844
  -0.0029408145
   0.0011723951
  -0.0098141180
  -0.0093539030
  -0.0163203105
  -0.0140964443
  -0.0151137015
  -0.0203953937
  -0.0200094747
  -0.0125389906
  -0.0207438738
  -0.0230729765
  -0.0201871542
  -0.0195315696
  -0.0232753818
  -0.0228411397
  -0.0196106162
  -0.0225920452
  -0.0205971479
  -0.0114346176
  -0.0187230540
  -0.0194653009
  -0.0151369755
  -0.0137762486
  -0.0128136919
  -0.0068052012
  -0.0003167949
   0.0027447933
  -0.0013310478
   0.0043137642
   0.0011744788
  -0.0017364907
   0.0030416702
  -0.0043635239
  -0.0029225900
  -0.0070248742
   0.0006290608
  -0.0128626304
  -0.0159626835
  -0.0212215765
  -0.0157236426
  -0.0247956247
  -0.0266847102
  -0.0238608533
  -0.0265658473
  -0.0294502240
  -0.0288963660
  -0.0246438521
  -0.0281228817
  -0.0302081607
  -0.0296445289
  -0.0261977654
  -0.0257821428
  -0.0287531296
  -0.0280282508
  -0.0231951249
  -0.0234873077
  -0.0250729332
  -0.0213062746
  -0.0142914428
  -0.0186323348
   0.0013930388
   0.0007981504
   0.0031543806
   0.0012891219
   0.0009747803
   0.0002788021
  -0.0038896101
   0.0034289325
  -0.0070208410
   0.0004277838
   0.0035237955
   0.0043510897
   0.0008976710
   0.0036593342
   0.0044790081
   0.0039889791
   0.0035794702
   0.0026842105
  -0.0006110025
   0.0003295445
  -0.0033220916
  -0.0107344608
  -0.0049257126
  -0.0011724190
  -0.0005027421
  -0.0003548218
  -0.0009066005
  -0.0039912906
  -0.0118222017
  -0.0005177310
  -0.0008132913
  -0.0017822603
  -0.0063827480
  -0.0036633864
   0.0207438085
   0.0270235262
   0.0229928987
   0.0211967323
   0.0199513578
   0.0276375932
   0.0234693550
   0.0213874087
   0.0200261650
   0.0282139589
   0.0237788201
   0.0212318654
   0.0288487200
   0.0238986236
   0.0209638882
   0.0236943428
  -0.0029191386
   0.0152821062
   0.0093699323
   0.0009897591
   0.0172665380
   0.0131148092
   0.0078075481
   0.0008278332
  -0.0045507957
   0.0145556327
   0.0104400243
   0.0064580066
   0.0080612303
   0.0126373354
   0.0160990996
   0.0116777544
   0.0096275632
   0.0128771885
   0.0082808503
   0.0029215689
   0.0055086643
   0.0107261156
   0.0140208547
   0.0157149621
   0.0118117692
   0.0056710365
  -0.0039527291
   0.0146026292
   0.0086730506
  -0.0009503529
   0.0270074571
   0.0157493158
   0.0217448598
   0.0304002469
   0.0134795243
   0.0199229249
   0.0247606984
   0.0303550470
   0.0138791398
   0.0201753584
   0.0249096596
   0.0270637947
   0.0166211938
   0.0222541989
   0.0219609569
   0.0164079386
   0.0021526436
  -0.0030644685
   0.0031984670
  -0.0007860785
   0.0030998517
  -0.0010038419
   0.0017212264
  -0.0040966017
  -0.0034445707
   0.0002350851
   0.0013611632
  -0.0004062677
  -0.0054098242
  -0.0024671656
   0.0013651774
   0.0018693276
  -0.0107855731
  -0.0027835170
   0.0014874099
   0.0029072244
   0.0020797020
  -0.0102598842
  -0.0019833403
   0.0022181445
  -0.0128921137
  -0.0082912812
  -0.0013453977
   0.0025344105
  -0.0122502010
  -0.0067775943
  -0.0011458468
   0.0021555609
   0.0032176703
   0.0012072717
   0.0007564283
  -0.0021791924
  -0.0004215506
   0.0020815124
   0.0018484662
   0.0012573496
  -0.0019090417
  -0.0019362003
  -0.0017659190
  -0.0015287103
  -0.0040984057
  -0.0054053465
  -0.0018251796
  -0.0009612055
  -0.0018531568
  -0.0054740632
  -0.0118419228
  -0.0017740504
  -0.0059937325
  -0.0142630045
  -0.0067919746
  -0.0176343040
  -0.0005437713
  -0.0017590058
  -0.0055698115
  -0.0135985685
  -0.0011803440
  -0.0018205633
  -0.0053834363
  -0.0123381821
  -0.0018119880
  -0.0020003521
  -0.0016201718
  -0.0042604194
  -0.0055497502
  -0.0010712675
  -0.0018982774
  -0.0075234178
  -0.0087421535
  -0.0029627107
  -0.0164674604
  -0.0064229057
  -0.0019010006
  -0.0178138295
  -0.0069777539
  -0.0022090646
  -0.0107401640
  -0.0039044650
  -0.0098142077
