#! FIELDS phi metad.bias der_phi
#! SET min_phi -pi
#! SET max_phi pi
#! SET nbins_phi  315
#! SET periodic_phi true
   -3.141592654   51.853673531   47.055307802
   -3.121646034   52.773162144   45.044935108
   -3.101699414   53.657360667   43.168257104
   -3.081752794   54.504100952   41.669294954
   -3.061806173   55.328290515   40.287972103
   -3.041859553   56.121357629   38.859767064
   -3.021912933   56.884654123   37.321599054
   -3.001966313   57.617320686   35.584434230
   -2.982019693   58.314651639   33.870115526
   -2.962073073   58.973786055   31.915976183
   -2.942126453   59.596174769   29.972236631
   -2.922179833   60.174711565   27.975606106
   -2.902233213   60.717524672   26.090196217
   -2.882286593   61.219619238   24.147559692
   -2.862339973   61.688256700   22.217319014
   -2.842393353   62.116391310   20.479324040
   -2.822446733   62.505543875   18.364598824
   -2.802500113   62.848388415   15.970864716
   -2.782553493   63.147690271   13.641256801
   -2.762606873   63.400997865   11.515227735
   -2.742660253   63.609570009    9.480157310
   -2.722713633   63.782769870    7.931549514
   -2.702767013   63.932524278    6.727469919
   -2.682820393   64.061055289    6.190302510
   -2.662873773   64.186496048    6.151469443
   -2.642927153   64.310527485    6.200142952
   -2.622980533   64.433550470    6.241901667
   -2.603033913   64.552187924    5.857228688
   -2.583087293   64.669725012    5.186450331
   -2.563140673   64.762754799    3.947593267
   -2.543194053   64.824757946    2.384029350
   -2.523247433   64.851485699    0.555196101
   -2.503300813   64.839243496   -1.804964552
   -2.483354193   64.784229781   -3.894067581
   -2.463407573   64.690100713   -5.549214494
   -2.443460953   64.562758853   -6.871251225
   -2.423514333   64.416026268   -7.749450528
   -2.403567713   64.262993679   -8.157397197
   -2.383621093   64.097343458   -8.139465059
   -2.363674473   63.935829139   -7.656309190
   -2.343727853   63.787161011   -7.272291572
   -2.323781233   63.648876156   -6.880226522
   -2.303834613   63.515965812   -6.434149493
   -2.283887993   63.388803010   -6.270655670
   -2.263941373   63.263885098   -6.270014946
   -2.243994753   63.138933142   -6.231963941
   -2.224048133   63.010771812   -6.298605868
   -2.204101513   62.888184689   -6.035152436
   -2.184154892   62.771985944   -5.637951610
   -2.164208272   62.664092677   -5.046368923
   -2.144261652   62.568128777   -4.349748136
   -2.124315032   62.488568313   -3.620528693
   -2.104368412   62.422160032   -3.078124027
   -2.084421792   62.366737836   -2.603741636
   -2.064475172   62.318755449   -2.039826382
   -2.044528552   62.280851648   -1.891036141
   -2.024581932   62.242740455   -1.733714435
   -2.004635312   62.209640399   -1.533762020
   -1.984688692   62.181752944   -1.541603193
   -1.964742072   62.151357644   -1.301853617
   -1.944795452   62.125078351   -1.186715778
   -1.924848832   62.104563510   -0.823115143
   -1.904902212   62.094703057   -0.329671770
   -1.884955592   62.097859454    0.607935641
   -1.865008972   62.124589085    1.848871636
   -1.845062352   62.170011932    2.809000933
   -1.825115732   62.238028548    3.960940224
   -1.805169112   62.325038972    4.785632680
   -1.785222492   62.431722464    5.374916736
   -1.765275872   62.542180801    5.803041300
   -1.745329252   62.662835427    6.120718131
   -1.725382632   62.781536009    6.248777876
   -1.705436012   62.910322974    6.821684157
   -1.685489392   63.057145271    7.781458146
   -1.665542772   63.231326237    9.402526697
   -1.645596152   63.440332501   11.239095960
   -1.625649532   63.681510288   12.990839631
   -1.605702912   63.954794138   14.386513183
   -1.585756292   64.245154826   14.916379054
   -1.565809672   64.541508001   14.447202509
   -1.545863052   64.817463636   12.999267226
   -1.525916432   65.060820455   10.976858139
   -1.505969812   65.254113723    8.494850514
   -1.486023192   65.401807447    6.228910706
   -1.466076572   65.508369440    4.326471548
   -1.446129952   65.576993307    2.715663647
   -1.426183332   65.619640658    1.584520016
   -1.406236712   65.644287030    0.616522847
   -1.386290092   65.643850211   -0.585537488
   -1.366343472   65.613203401   -2.004070415
   -1.346396852   65.558232733   -3.690790081
   -1.326450232   65.460706806   -5.810136948
   -1.306503611   65.324145473   -7.805122459
   -1.286556991   65.153436809   -9.618802645
   -1.266610371   64.945944169  -11.158026171
   -1.246663751   64.709326982  -12.570622256
   -1.226717131   64.442705518  -13.929896286
   -1.206770511   64.150764451  -15.345708131
   -1.186823891   63.823477565  -17.072869405
   -1.166877271   63.456397233  -19.113528411
   -1.146930651   63.050696469  -21.640907782
   -1.126984031   62.597097961  -24.007585998
   -1.107037411   62.092991674  -26.208187415
   -1.087090791   61.546542158  -27.858650538
   -1.067144171   60.974532094  -29.006767678
   -1.047197551   60.391731020  -29.350376849
   -1.027250931   59.804514121  -29.485498605
   -1.007304311   59.214377910  -29.424584537
   -0.987357691   58.623076720  -29.394973178
   -0.967411071   58.031749824  -29.530755159
   -0.947464451   57.431574248  -30.031837888
   -0.927517831   56.821030163  -30.829721642
   -0.907571211   56.197968596  -31.603533418
   -0.887624591   55.559896393  -32.323564553
   -0.867677971   54.904937884  -32.840348545
   -0.847731351   54.242515083  -33.504408784
   -0.827784731   53.556672421  -34.216752284
   -0.807838111   52.861716927  -35.145072320
   -0.787891491   52.145609602  -36.123211038
   -0.767944871   51.406116991  -37.303489601
   -0.747998251   50.652062163  -38.452104924
   -0.728051631   49.870490959  -39.584376262
   -0.708105011   49.066660585  -40.494510814
   -0.688158391   48.247308661  -41.416311054
   -0.668211771   47.412495261  -42.065643078
   -0.648265151   46.562585013  -42.554138749
   -0.628318531   45.709035317  -42.931719875
   -0.608371911   44.844504935  -43.162030364
   -0.588425291   43.981050572  -42.900787128
   -0.568478671   43.123287014  -42.317522471
   -0.548532051   42.284599354  -41.223582518
   -0.528585431   41.482086880  -39.199706784
   -0.508638811   40.723284242  -36.264074016
   -0.488692191   40.030445380  -32.787083988
   -0.468745571   39.409783024  -29.042484300
   -0.448798951   38.863968576  -25.474410731
   -0.428852330   38.382345424  -22.559214164
   -0.408905710   37.948012741  -20.873259096
   -0.388959090   37.534902243  -20.494102891
   -0.369012470   37.118947834  -21.171472254
   -0.349065850   36.682226061  -22.384101202
   -0.329119230   36.214075128  -24.032366184
   -0.309172610   35.714608430  -25.729106329
   -0.289225990   35.184933611  -26.893047263
   -0.269279370   34.638483558  -27.501536114
   -0.249332750   34.092758272  -27.258571578
   -0.229386130   33.557497645  -26.447988107
   -0.209439510   33.041988045  -24.876223609
   -0.189492890   32.562038216  -22.960062250
   -0.169546270   32.118517659  -20.651411847
   -0.149599650   31.731867303  -18.147226587
   -0.129653030   31.399702696  -15.328405403
   -0.109706410   31.124625408  -12.313416899
   -0.089759790   30.910939649   -9.031540579
   -0.069813170   30.765161717   -5.504138672
   -0.049866550   30.687849497   -1.786676569
   -0.029919930   30.689071448    1.955158076
   -0.009973310   30.766725302    5.750390279
    0.009973310   30.915355293    9.098133369
    0.029919930   31.126614848   11.949898382
    0.049866550   31.389610142   14.055479858
    0.069813170   31.687577363   15.556952282
    0.089759790   32.005163701   16.211435875
    0.109706410   32.334018608   16.569909445
    0.129653030   32.667674670   16.836071197
    0.149599650   33.008383623   17.350247524
    0.169546270   33.364480909   18.357146047
    0.189492890   33.748074075   20.016783703
    0.209439510   34.174807192   22.272821218
    0.229386130   34.651986926   25.056005983
    0.249332750   35.180284937   27.764088584
    0.269279370   35.763449558   30.331675526
    0.289225990   36.392661552   32.439812880
    0.309172610   37.057488467   33.731902031
    0.329119230   37.740342434   34.409361902
    0.349065850   38.431429692   34.668131993
    0.369012470   39.127139671   34.777784198
    0.388959090   39.825265218   35.057064654
    0.408905710   40.544308394   36.072317589
    0.428852330   41.280089322   37.499910184
    0.448798951   42.045519378   39.247301460
    0.468745571   42.847897489   41.068116269
    0.488692191   43.687226617   42.485898874
    0.508638811   44.548633175   43.068064054
    0.528585431   45.408169935   42.519316356
    0.548532051   46.243879116   41.008687403
    0.568478671   47.043008361   38.854671029
    0.588425291   47.796302515   36.429842243
    0.608371911   48.508828121   34.529414891
    0.628318531   49.184496858   33.133287938
    0.648265151   49.843143046   32.645852445
    0.668211771   50.503596579   33.159258102
    0.688158391   51.175334310   34.083623496
    0.708105011   51.865299457   34.983698337
    0.728051631   52.575563267   35.551972213
    0.747998251   53.285007475   35.238517480
    0.767944871   53.975325397   33.874302142
    0.787891491   54.637207399   31.561427280
    0.807838111   55.241354045   28.637557327
    0.827784731   55.782791939   25.273288931
    0.847731351   56.257278951   22.088253365
    0.867677971   56.671567115   19.126176873
    0.887624591   57.031393539   16.892929257
    0.907571211   57.352065104   15.180395176
    0.927517831   57.640755651   13.965100586
    0.947464451   57.911213149   13.014964038
    0.967411071   58.161448928   11.980337320
    0.987357691   58.393955843   11.121435161
    1.007304311   58.604825433    9.814142771
    1.027250931   58.782173298    7.948823745
    1.047197551   58.917746951    5.572905031
    1.067144171   59.001726341    2.770576064
    1.087090791   59.030126031   -0.362312236
    1.107037411   58.985556041   -3.579860053
    1.126984031   58.877345174   -7.069028202
    1.146930651   58.700074723  -10.594228546
    1.166877271   58.458949466  -13.992417811
    1.186823891   58.146783216  -17.179967212
    1.206770511   57.763351093  -20.595617416
    1.226717131   57.316324122  -23.966900793
    1.246663751   56.803311870  -27.467468393
    1.266610371   56.217763517  -30.957964192
    1.286556991   55.563548193  -34.292545215
    1.306503611   54.842537955  -37.316384359
    1.326450232   54.068693380  -40.091216538
    1.346396852   53.242946259  -42.506965194
    1.366343472   52.367546783  -44.514056190
    1.386290092   51.454835808  -46.659162728
    1.406236712   50.499060359  -48.758187033
    1.426183332   49.500050996  -51.053703179
    1.446129952   48.446307288  -53.847632880
    1.466076572   47.335390194  -57.179200324
    1.486023192   46.153725682  -60.656510586
    1.505969812   44.904826767  -64.026428125
    1.525916432   43.589827888  -67.221972042
    1.545863052   42.216643324  -69.734482355
    1.565809672   40.798886439  -71.583893506
    1.585756292   39.356165463  -72.581214868
    1.605702912   37.897942795  -72.684424283
    1.625649532   36.442868900  -72.318855000
    1.645596152   35.000559817  -71.594583089
    1.665542772   33.576457759  -70.650356854
    1.685489392   32.170493363  -69.444226148
    1.705436012   30.788663459  -68.219492882
    1.725382632   29.435422519  -66.957508627
    1.745329252   28.110759364  -65.512966844
    1.765275872   26.813769164  -64.088965170
    1.785222492   25.539592421  -62.702409647
    1.805169112   24.295700911  -61.633747728
    1.825115732   23.070227307  -60.568209846
    1.845062352   21.864299381  -59.855984648
    1.865008972   20.673197241  -58.975027976
    1.884955592   19.499015665  -58.002690920
    1.904902212   18.350196131  -56.664178223
    1.924848832   17.233019836  -54.636700483
    1.944795452   16.162712098  -51.900418317
    1.964742072   15.158100909  -48.538105972
    1.984688692   14.224774607  -44.454065332
    2.004635312   13.377454329  -40.195549816
    2.024581932   12.614588982  -35.829565766
    2.044528552   11.936387901  -31.730502349
    2.064475172   11.339975666  -27.968837328
    2.084421792   10.814107586  -24.572811587
    2.104368412   10.352751338  -21.517259259
    2.124315032    9.948999739  -18.671928580
    2.144261652    9.600151892  -15.930037484
    2.164208272    9.308732752  -13.128605266
    2.184154892    9.080496179  -10.071825193
    2.204101513    8.910938198   -6.607151310
    2.224048133    8.813390043   -2.925892253
    2.243994753    8.793412400    0.832847860
    2.263941373    8.848933790    4.545309817
    2.283887993    8.976942746    8.242469213
    2.303834613    9.175468249   11.633712086
    2.323781233    9.442197554   14.797112383
    2.343727853    9.773523599   18.057521921
    2.363674473   10.167397581   21.254118117
    2.383621093   10.625330105   24.614418849
    2.403567713   11.158767287   28.460283779
    2.423514333   11.770785337   32.826269645
    2.443460953   12.473459758   37.596303752
    2.463407573   13.277600952   42.657422734
    2.483354193   14.184528435   47.750400188
    2.503300813   15.192077603   52.545436404
    2.523247433   16.285968455   56.686484378
    2.543194053   17.455686221   59.815495937
    2.563140673   18.672336333   61.828068727
    2.583087293   19.919820819   62.707198046
    2.603033913   21.177296420   62.631535060
    2.622980533   22.424180201   61.749604118
    2.642927153   23.648614771   60.355560022
    2.662873773   24.843942471   58.915706374
    2.682820393   26.008887634   57.451973246
    2.702767013   27.146831072   56.216965210
    2.722713633   28.261339693   55.168583475
    2.742660253   29.363731170   54.570421699
    2.762606873   30.454166116   54.259836378
    2.782553493   31.539146139   54.102397803
    2.802500113   32.623864677   54.123047576
    2.822446733   33.714931809   54.422901304
    2.842393353   34.812130024   54.903066163
    2.862339973   35.922121748   55.714704204
    2.882286593   37.045923403   56.694146632
    2.902233213   38.195027944   57.923402744
    2.922179833   39.366649563   59.095035657
    2.942126453   40.562448032   60.057969264
    2.962073073   41.775090161   60.783450950
    2.982019693   42.992988400   60.808422860
    3.001966313   44.210270450   60.391638163
    3.021912933   45.406217717   59.269736754
    3.041859553   46.581992769   57.856755680
    3.061806173   47.723765844   56.018409745
    3.081752794   48.821959826   53.749048119
    3.101699414   49.876631938   51.396228597
    3.121646034   50.884908751   49.210895559
