#! FIELDS phi file.free der_phi
#! SET min_phi -pi
#! SET max_phi pi
#! SET nbins_phi  178
#! SET periodic_phi true
   -3.141592654   15.612528399  -50.160140221
   -3.106293860   13.882885816  -47.345476679
   -3.070995066   12.298079785  -42.193646853
   -3.035696272   10.908153145  -36.697986488
   -3.000397478    9.686968050  -32.918752007
   -2.965098684    8.553977479  -31.675594879
   -2.929799890    7.432469178  -32.068091088
   -2.894501097    6.297870231  -31.970371568
   -2.859202303    5.206654698  -29.437225417
   -2.823903509    4.260241663  -23.704255611
   -2.788604715    3.557014481  -16.040561944
   -2.753305921    3.123437629   -8.916395305
   -2.718007127    2.895927800   -4.715149520
   -2.682708333    2.751693428   -4.128090569
   -2.647409540    2.579902396   -5.886351061
   -2.612110746    2.340593827   -7.571276785
   -2.576811952    2.074039829   -7.256903582
   -2.541513158    1.861388488   -4.647586248
   -2.506214364    1.765790386   -0.862977342
   -2.470915570    1.800894693    2.631946076
   -2.435616776    1.941997959    5.063571152
   -2.400317983    2.152653940    6.536540988
   -2.365019189    2.405071263    7.648472229
   -2.329720395    2.694487166    8.503681336
   -2.294421601    3.008925477    9.103418834
   -2.259122807    3.330366553    8.832405663
   -2.223824013    3.620516578    7.223347121
   -2.188525219    3.830462094    4.401419529
   -2.153226425    3.933176445    1.301614342
   -2.117927632    3.943288149   -0.537942318
   -2.082628838    3.926905910   -0.167827995
   -2.047330044    3.961318414    2.240123734
   -2.012031250    4.097988606    5.324485374
   -1.976732456    4.330394645    7.393527826
   -1.941433662    4.594527867    6.939045778
   -1.906134868    4.787873979    3.317803952
   -1.870836075    4.802439025   -2.903773817
   -1.835537281    4.580448212   -9.701112147
   -1.800238487    4.151483264  -14.148601443
   -1.764939693    3.634844822  -14.509591968
   -1.729640899    3.169355671  -11.653789933
   -1.694342105    2.821453069   -8.379248017
   -1.659043311    2.555229584   -7.367242722
   -1.623744518    2.276586501   -8.822710897
   -1.588445724    1.930645606  -10.730967622
   -1.553146930    1.542490901  -11.090097499
   -1.517848136    1.174546892   -9.710412427
   -1.482549342    0.862027753   -8.218603228
   -1.447250548    0.586153416   -7.706925732
   -1.411951754    0.319574373   -7.358829529
   -1.376652961    0.093098635   -5.117257323
   -1.341354167    0.000000000    0.198269143
   -1.306055373    0.140196458    7.712767326
   -1.270756579    0.549075457   15.051337807
   -1.235457785    1.182258117   20.234362294
   -1.200158991    1.952870411   22.974271475
   -1.164860197    2.791939671   24.292678192
   -1.129561404    3.671782432   25.309554269
   -1.094262610    4.591566556   26.773615202
   -1.058963816    5.570727763   28.651696294
   -1.023665022    6.624893743   30.963762457
   -0.988366228    7.764694919   33.452703696
   -0.953067434    8.984794396   35.320937190
   -0.917768640   10.247557097   35.723660409
   -0.882469847   11.496085630   34.633645608
   -0.847171053   12.692406321   33.113373923
   -0.811872259   13.853498635   32.893271244
   -0.776573465   15.050376930   35.197225420
   -0.741274671   16.370893781   39.663620911
   -0.705975877   17.863302350   44.659256857
   -0.670677083   19.510759243   48.073238816
   -0.635378289   21.232835298   48.933594103
   -0.600079496   22.941396401   47.362760372
   -0.564780702   24.567036549   44.455307835
   -0.529481908   26.078578844   40.960919416
   -0.494183114   27.462218351   37.347324346
   -0.458884320   28.721564182   33.976026878
   -0.423585526   29.878527331   31.691953738
   -0.388286732   30.984482786   31.054413395
   -0.352987939   32.091706020   31.684630174
   -0.317689145   33.219543895   31.858399535
   -0.282390351   34.319311122   29.878775031
   -0.247091557   35.296791033   24.935365888
   -0.211792763   36.057807388   17.910238693
   -0.176493969   36.563390510   10.855443348
   -0.141195175   36.853035939    5.940433592
   -0.105896382   37.024962584    4.223765548
   -0.070597588   37.183508647    5.021679667
   -0.035298794   37.385630026    6.290821041
    0.000000000   37.610566998    6.003320749
    0.035298794   37.779782917    3.039594878
    0.070597588   37.792851270   -2.819998872
    0.105896382   37.554274865  -11.056236465
    0.141195175   36.995836880  -20.698091908
    0.176493969   36.095179973  -30.150127650
    0.211792763   34.894565942  -37.370374945
    0.247091557   33.501385865  -40.893669720
    0.282390351   32.051744292  -40.737611257
    0.317689145   30.649319490  -38.627992510
    0.352987939   29.317741549  -37.090879908
    0.388286732   28.000944343  -38.017368229
    0.423585526   26.603450614  -41.445574064
    0.458884320   25.065345605  -45.573607271
    0.494183114   23.408331769  -47.871782105
    0.529481908   21.725872117  -46.869008667
    0.564780702   20.129349771  -43.303185713
    0.600079496   18.671533679  -39.473247805
    0.635378289   17.319127417  -37.621648013
    0.670677083   15.984722450  -38.375364490
    0.705975877   14.596610874  -40.357448708
    0.741274671   13.149872109  -41.291825534
    0.776573465   11.716187029  -39.427994245
    0.811872259   10.403890878  -34.546150200
    0.847171053    9.299818357  -27.866283262
    0.882469847    8.437978316  -21.165296403
    0.917768640    7.793230447  -15.675552716
    0.953067434    7.318412208  -11.458631885
    0.988366228    6.983323498   -7.583884962
    1.023665022    6.793708356   -3.080121476
    1.058963816    6.780657939    2.376049863
    1.094262610    6.968641166    8.154636982
    1.129561404    7.351095255   13.267516656
    1.164860197    7.895250815   17.282600521
    1.200158991    8.568135442   20.722893833
    1.235457785    9.365718986   24.376350145
    1.270756579   10.305015206   28.789369471
    1.306055373   11.410203001   33.745699424
    1.341354167   12.694295388   38.831263370
    1.376652961   14.162097591   44.279886065
    1.411951754   15.838529524   50.801358014
    1.447250548   17.775244464   59.112083781
    1.482549342   20.037297935   69.028018651
    1.517848136   22.661084933   79.377672312
    1.553146930   25.627128228   88.059336427
    1.588445724   28.839154057   93.026552061
    1.623744518   32.137879708   92.840826589
    1.659043311   35.331792088   87.006878748
    1.694342105   38.228756137   76.295743837
    1.729640899   40.682773719   62.155575665
    1.764939693   42.608599564   46.807413417
    1.800238487   44.001736847   32.336750895
    1.835537281   44.924494362   20.323778217
    1.870836075   45.479524857   11.553241218
    1.906134868   45.781303210    5.893675573
    1.941433662   45.928212303    2.695022417
    1.976732456   45.993141826    1.065117485
    2.012031250   46.017996193    0.365338101
    2.047330044   46.026135703    0.112786966
    2.082628838   46.028941557    0.014728284
    2.117927632   46.029334158   -0.000000000
    2.153226425   46.029334158   -0.000000000
    2.188525219   46.029334158   -0.000000000
    2.223824013   46.029334158   -0.000000000
    2.259122807   46.029186201   -0.005997437
    2.294421601   46.028646518   -0.025878783
    2.329720395   46.026802401   -0.087168992
    2.365019189   46.020776779   -0.270104072
    2.400317983   46.004337523   -0.713085730
    2.435616776   45.963931032   -1.673717576
    2.470915570   45.875313070   -3.506338188
    2.506214364   45.700982360   -6.593288427
    2.541513158   45.390628499  -11.235843033
    2.576811952   44.888081155  -17.472680026
    2.612110746   44.139677623  -25.076665618
    2.647409540   43.107268275  -33.488294603
    2.682708333   41.772520681  -42.070938732
    2.718007127   40.142117482  -50.140648169
    2.753305921   38.244064133  -57.149594946
    2.788604715   36.123635805  -62.688435849
    2.823903509   33.838544861  -66.426580245
    2.859202303   31.458093181  -67.995805834
    2.894501097   29.067615966  -66.948686526
    2.929799890   26.762185692  -63.240805033
    2.965098684   24.622894884  -57.794555035
    3.000397478   22.678432653  -52.562839000
    3.035696272   20.884546570  -49.511743140
    3.070995066   19.147809656  -49.236321737
    3.106293860   17.392017154  -50.249669158
