#! FIELDS phi file.free der_phi
#! SET min_phi -pi
#! SET max_phi pi
#! SET nbins_phi  178
#! SET periodic_phi true
   -3.141592654   16.086436297  -57.341640152
   -3.106293860   14.177638130  -50.556765864
   -3.070995066   12.521510769  -43.334367672
   -3.035696272   11.101204560  -37.463673075
   -3.000397478    9.848224228  -33.913552324
   -2.965098684    8.680385665  -32.522656730
   -2.929799890    7.541180624  -32.028920023
   -2.894501097    6.425717965  -30.950844798
   -2.859202303    5.377206739  -28.149673721
   -2.823903509    4.461980004  -23.410783017
   -2.788604715    3.739910140  -17.407397376
   -2.753305921    3.234514770  -11.383370401
   -2.718007127    2.922110052   -6.709964338
   -2.682708333    2.738421238   -4.143728851
   -2.647409540    2.608465605   -3.514222417
   -2.612110746    2.483428995   -3.646637426
   -2.576811952    2.360504537   -3.230721346
   -2.541513158    2.271170851   -1.821864918
   -2.506214364    2.238663477   -0.223758327
   -2.470915570    2.245496490    0.297173844
   -2.435616776    2.242758825   -0.764547040
   -2.400317983    2.187702490   -2.502841241
   -2.365019189    2.082247105   -3.215329084
   -2.329720395    1.986469666   -2.046844585
   -2.294421601    1.964838368    0.955321970
   -2.259122807    2.062290979    4.478518830
   -2.223824013    2.275606157    7.309606898
   -2.188525219    2.566899668    8.912201605
   -2.153226425    2.895311317    9.396489381
   -2.117927632    3.227675267    9.246090626
   -2.082628838    3.546588549    8.613392689
   -2.047330044    3.834178886    7.528754782
   -2.012031250    4.076981304    6.116762938
   -1.976732456    4.270574533    4.808725618
   -1.941433662    4.423712001    3.827074338
   -1.906134868    4.546440138    2.946642332
   -1.870836075    4.630243393    1.609385015
   -1.835537281    4.654993234   -0.435800850
   -1.800238487    4.600865483   -2.738264169
   -1.764939693    4.463791077   -5.151079286
   -1.729640899    4.231338151   -8.335986016
   -1.694342105    3.858841146  -13.174747467
   -1.659043311    3.288646792  -19.332938430
   -1.623744518    2.509993960  -24.386087483
   -1.588445724    1.620434062  -25.139173451
   -1.553146930    0.806265923  -20.216272300
   -1.517848136    0.243356659  -11.431824354
   -1.482549342    0.000000000   -2.793759160
   -1.447250548    0.010226436    2.603253935
   -1.411951754    0.143640849    4.424549364
   -1.376652961    0.306004762    4.632473555
   -1.341354167    0.481551035    5.440162210
   -1.306055373    0.713043150    7.786260546
   -1.270756579    1.049398674   11.306647192
   -1.235457785    1.521736291   15.406939050
   -1.200158991    2.144470100   19.841953888
   -1.164860197    2.925065782   24.194165591
   -1.129561404    3.846714158   27.524063973
   -1.094262610    4.853866074   29.131423438
   -1.058963816    5.886937137   29.133385379
   -1.023665022    6.915388458   29.181464990
   -0.988366228    7.972083506   30.934703929
   -0.953067434    9.125836013   34.508216675
   -0.917768640   10.416639153   38.329428901
   -0.882469847   11.817329259   40.504935556
   -0.847171053   13.251990381   40.366967756
   -0.811872259   14.654151970   38.918363857
   -0.776573465   16.009687202   37.949926984
   -0.741274671   17.359024170   38.635608610
   -0.705975877   18.760303118   40.807889042
   -0.670677083   20.246209443   43.125188474
   -0.635378289   21.794769484   44.246496584
   -0.600079496   23.348980582   43.339173673
   -0.564780702   24.836739775   40.581347690
   -0.529481908   26.201681334   36.430654484
   -0.494183114   27.402752169   31.465949609
   -0.458884320   28.420585308   26.082986122
   -0.423585526   29.252005720   21.062935805
   -0.388286732   29.924723685   17.194875269
   -0.352987939   30.489317939   15.046192594
   -0.317689145   31.006298824   14.367543229
   -0.282390351   31.514984901   14.441579589
   -0.247091557   32.025535638   14.327819955
   -0.211792763   32.519224911   13.452878371
   -0.176493969   32.965795937   11.683114997
   -0.141195175   33.337678540    9.258156018
   -0.105896382   33.617596610    6.545818148
   -0.070597588   33.800001738    3.787831095
   -0.035298794   33.884544358    0.956857033
    0.000000000   33.865036419   -2.154009332
    0.035298794   33.726023611   -5.823739954
    0.070597588   33.447509844  -10.039944589
    0.105896382   33.018905981  -14.151665632
    0.141195175   32.462323878  -17.077700722
    0.176493969   31.838598344  -17.851840374
    0.211792763   31.229684467  -16.309708962
    0.247091557   30.700931795  -13.588103332
    0.282390351   30.261115695  -11.615261771
    0.317689145   29.849819719  -12.199722597
    0.352987939   29.358633907  -16.157259489
    0.388286732   28.674072853  -22.989525426
    0.423585526   27.718521112  -31.199749017
    0.458884320   26.477527793  -38.812876845
    0.494183114   25.007222619  -43.948761655
    0.529481908   23.415912431  -45.566776994
    0.564780702   21.828584649  -43.879772147
    0.600079496   20.338969495  -40.380030670
    0.635378289   18.975845983  -37.042498658
    0.670677083   17.703977424  -35.336373855
    0.705975877   16.458184948  -35.528324514
    0.741274671   15.181466315  -36.896982584
    0.776573465   13.853442268  -38.232190859
    0.811872259   12.496318747  -38.383004364
    0.847171053   11.166202570  -36.588468454
    0.882469847    9.940939898  -32.480079204
    0.917768640    8.897718897  -26.347781963
    0.953067434    8.096874716  -18.881940849
    0.988366228    7.571820646  -10.903054355
    1.023665022    7.327745632   -3.042248443
    1.058963816    7.352446147    4.264763557
    1.094262610    7.618650572   10.587345424
    1.129561404    8.086272581   15.646730236
    1.164860197    8.712236703   19.600572379
    1.200158991    9.468523813   23.217387357
    1.235457785   10.361627526   27.462674422
    1.270756579   11.428117633   33.080802175
    1.306055373   12.717811651   40.091208418
    1.341354167   14.269735661   47.717511850
    1.376652961   16.086365735   54.956806572
    1.411951754   18.134423940   60.617627595
    1.447250548   20.341258978   63.881468787
    1.482549342   22.613460799   64.200013941
    1.517848136   24.844663732   61.625882664
    1.553146930   26.937040196   56.423782438
    1.588445724   28.806608480   49.123724679
    1.623744518   30.390837874   40.414159482
    1.659043311   31.655896737   31.081856435
    1.694342105   32.595080704   22.211024871
    1.729640899   33.241214656   14.519468991
    1.764939693   33.646002416    8.652903172
    1.800238487   33.876522566    4.655973924
    1.835537281   33.995351886    2.226919460
    1.870836075   34.049669881    0.953015264
    1.906134868   34.072088740    0.352988798
    1.941433662   34.080027226    0.116540321
    1.976732456   34.082813786    0.023083871
    2.012031250   34.083447786   -0.000000000
    2.047330044   34.083447786   -0.000000000
    2.082628838   34.083447786   -0.000000000
    2.117927632   34.083447786   -0.000000000
    2.153226425   34.083447786   -0.000000000
    2.188525219   34.083447786   -0.000000000
    2.223824013   34.083447786   -0.000000000
    2.259122807   34.083447786   -0.000000000
    2.294421601   34.083447786   -0.000000000
    2.329720395   34.083447786   -0.000000000
    2.365019189   34.083447786   -0.000000000
    2.400317983   34.083447786   -0.000000000
    2.435616776   34.083156729   -0.011760408
    2.470915570   34.082309112   -0.041997674
    2.506214364   34.079454307   -0.133757819
    2.541513158   34.070973973   -0.376472015
    2.576811952   34.048959193   -0.929006496
    2.612110746   33.998858449   -2.007855807
    2.647409540   33.898083956   -3.828975051
    2.682708333   33.717841370   -6.501759242
    2.718007127   33.429745776   -9.914975661
    2.753305921   33.011093400  -13.849435458
    2.788604715   32.447189378  -18.147066369
    2.823903509   31.723540945  -22.944377291
    2.859202303   30.816201330  -28.603449480
    2.894501097   29.690300083  -35.340801057
    2.929799890   28.310474928  -42.907195026
    2.965098684   26.659697280  -50.529676207
    3.000397478   24.754171149  -57.155622108
    3.035696272   22.647797136  -61.750247313
    3.070995066   20.426707052  -63.523498388
    3.106293860   18.201457714  -61.984681897
