#! FIELDS phi file.free der_phi
#! SET min_phi -pi
#! SET max_phi pi
#! SET nbins_phi  178
#! SET periodic_phi true
   -3.141592654   16.946746754  -51.784495432
   -3.106293860   15.162634269  -48.931290940
   -3.070995066   13.515799937  -44.181069460
   -3.035696272   12.050007972  -38.961288509
   -3.000397478   10.753621919  -34.821040854
   -2.965098684    9.570095452  -32.580341046
   -2.929799890    8.434501863  -32.063852914
   -2.894501097    7.303079860  -32.031229841
   -2.859202303    6.189633451  -30.829944180
   -2.823903509    5.159739253  -27.058841181
   -2.788604715    4.310836701  -20.754270432
   -2.753305921    3.709114868  -13.461044025
   -2.718007127    3.347708797   -7.577303998
   -2.682708333    3.143565954   -4.660656778
   -2.647409540    2.988649043   -4.564130921
   -2.612110746    2.811932259   -5.569158122
   -2.576811952    2.610501923   -5.761212789
   -2.541513158    2.432223825   -4.254987367
   -2.506214364    2.332087708   -1.465648380
   -2.470915570    2.336156590    1.558427137
   -2.435616776    2.437949406    3.942021189
   -2.400317983    2.609463709    5.393682219
   -2.365019189    2.818568499    6.298749296
   -2.329720395    3.057001848    6.962914283
   -2.294421601    3.320052277    7.808032221
   -2.259122807    3.608851078    8.336340402
   -2.223824013    3.900023801    7.763337492
   -2.188525219    4.144259651    5.691201318
   -2.153226425    4.298043144    2.800649916
   -2.117927632    4.358554580    0.766952269
   -2.082628838    4.384233696    0.915839831
   -2.047330044    4.457036646    3.367108201
   -2.012031250    4.638297218    6.724787178
   -1.976732456    4.924560667    8.980936066
   -1.941433662    5.242254115    8.281742844
   -1.906134868    5.470368308    3.830419883
   -1.870836075    5.482321642   -3.632013374
   -1.835537281    5.211802101  -11.722270438
   -1.800238487    4.693012635  -17.163965159
   -1.764939693    4.060696526  -17.953474010
   -1.729640899    3.476277806  -14.858880154
   -1.694342105    3.028573497  -10.788266864
   -1.659043311    2.694708612   -8.836985394
   -1.623744518    2.375940325   -9.752569547
   -1.588445724    1.996341258  -11.843217388
   -1.553146930    1.557414900  -12.929571034
   -1.517848136    1.112367342  -12.160787205
   -1.482549342    0.714178783  -10.439138292
   -1.447250548    0.382180732   -8.493285006
   -1.411951754    0.128289049   -5.794598219
   -1.376652961    0.000000000   -1.236367480
   -1.341354167    0.068591815    5.188566930
   -1.306055373    0.376468858   11.853075144
   -1.270756579    0.888678387   16.479135366
   -1.235457785    1.509375077   18.026839712
   -1.200158991    2.142076245   17.516235569
   -1.164860197    2.751670225   17.026098382
   -1.129561404    3.370899221   18.083569084
   -1.094262610    4.061243145   21.197688515
   -1.058963816    4.888819815   25.727622590
   -1.023665022    5.894266053   31.142425635
   -0.988366228    7.097445353   36.836231515
   -0.953067434    8.491788627   41.729153945
   -0.917768640   10.027207791   44.607447675
   -0.882469847   11.618114458   44.896525274
   -0.847171053   13.177771729   43.099789183
   -0.811872259   14.657720469   40.620028780
   -0.776573465   16.058852838   38.737725646
   -0.741274671   17.410744904   37.754021445
   -0.705975877   18.738402197   37.356899576
   -0.670677083   20.058084954   37.225383038
   -0.635378289   21.383397151   37.905422817
   -0.600079496   22.755071257   39.822035327
   -0.564780702   24.212645899   42.612292249
   -0.529481908   25.758905509   44.460462206
   -0.494183114   27.325757950   43.693183065
   -0.458884320   28.814258460   40.157426695
   -0.423585526   30.158125510   35.931585564
   -0.388286732   31.378388842   33.426565542
   -0.352987939   32.554310701   33.434054480
   -0.317689145   33.752004112   34.188071789
   -0.282390351   34.950992302   33.120743776
   -0.247091557   36.051213313   28.486057377
   -0.211792763   36.929425451   20.836486565
   -0.176493969   37.518645041   12.564434611
   -0.141195175   37.845612276    6.295957887
   -0.105896382   38.005921332    3.169334051
   -0.070597588   38.098764152    2.297170386
   -0.035298794   38.173621215    1.806246083
    0.000000000   38.219130459    0.501683128
    0.035298794   38.201484532   -1.708327431
    0.070597588   38.091654017   -4.756488224
    0.105896382   37.855098825   -8.991028826
    0.141195175   37.437662611  -14.983400527
    0.176493969   36.780020540  -22.433008701
    0.211792763   35.859903387  -29.474512939
    0.247091557   34.732344258  -33.811039680
    0.282390351   33.518292637  -34.427350053
    0.317689145   32.333480781  -32.570321737
    0.352987939   31.213544635  -31.242137508
    0.388286732   30.087732186  -33.270880740
    0.423585526   28.818416766  -39.174556005
    0.458884320   27.304085219  -46.550106547
    0.494183114   25.562104400  -51.538400719
    0.529481908   23.728827023  -51.419146750
    0.564780702   21.988054043  -46.629435325
    0.600079496   20.456504403  -40.237773240
    0.635378289   19.126448425  -35.686353956
    0.670677083   17.896053058  -34.618582463
    0.705975877   16.654988039  -35.985796575
    0.741274671   15.359816738  -37.219738535
    0.776573465   14.059246450  -35.995961809
    0.811872259   12.856652258  -31.764219904
    0.847171053   11.839573694  -25.740091916
    0.882469847   11.038154340  -19.940298947
    0.917768640   10.415515818  -15.731828939
    0.953067434    9.912473669  -13.042942916
    0.988366228    9.496178092  -10.550333331
    1.023665022    9.185199390   -6.887630389
    1.058963816    9.033973036   -1.548171814
    1.094262610    9.091086066    4.724157504
    1.129561404    9.366166815   10.617543072
    1.164860197    9.830188975   15.346075679
    1.200158991   10.444542764   19.302777039
    1.235457785   11.200213739   23.414535829
    1.270756579   12.116837448   28.523591049
    1.306055373   13.231194189   34.595268284
    1.341354167   14.569410989   41.028732678
    1.376652961   16.135226864   47.528887949
    1.411951754   17.931118243   54.078101658
    1.447250548   19.961828503   60.878655274
    1.482549342   22.236177428   67.698661352
    1.517848136   24.742267993   73.929203758
    1.553146930   27.443172432   78.596146771
    1.588445724   30.271396330   81.106137513
    1.623744518   33.146277579   81.263600473
    1.659043311   35.986622716   79.065478117
    1.694342105   38.709820637   74.726320687
    1.729640899   41.243782812   68.326259303
    1.764939693   43.522624123   60.449036746
    1.800238487   45.507052852   51.818276401
    1.835537281   47.185085509   43.169663878
    1.870836075   48.565337427   34.988483681
    1.906134868   49.668017934   27.462072556
    1.941433662   50.518704967   20.824193350
    1.976732456   51.155092611   15.323016354
    2.012031250   51.621828036   11.240423737
    2.047330044   51.967140303    8.447618262
    2.082628838   52.229909392    6.452829142
    2.117927632   52.429836490    4.854597432
    2.153226425   52.576056871    3.430936145
    2.188525219   52.674847625    2.191273788
    2.223824013   52.734401870    1.222465147
    2.259122807   52.765264318    0.535958234
    2.294421601   52.774832726    0.030350122
    2.329720395   52.765819971   -0.582648117
    2.365019189   52.726827538   -1.742527308
    2.400317983   52.628753521   -4.074077726
    2.435616776   52.416725373   -8.301130898
    2.470915570   52.011750919  -15.073461701
    2.506214364   51.321009627  -24.435426527
    2.541513158   50.265341517  -35.501197264
    2.576811952   48.815269490  -46.429604328
    2.612110746   47.012740570  -55.125904540
    2.647409540   44.966384513  -60.134287824
    2.682708333   42.810155932  -61.446212591
    2.718007127   40.656416942  -60.282055920
    2.753305921   38.561366644  -58.393516593
    2.788604715   36.524614045  -57.149686065
    2.823903509   34.511237794  -57.089532150
    2.859202303   32.481967059  -57.912075689
    2.894501097   30.421859832  -58.660394802
    2.929799890   28.352271544  -58.322479622
    2.965098684   26.320305845  -56.571374136
    3.000397478   24.364806074  -54.187222581
    3.035696272   22.485282175  -52.494482347
    3.070995066   20.640820126  -52.192361298
    3.106293860   18.793281666  -52.499268827
