#! FIELDS phi file.free der_phi
#! SET min_phi -pi
#! SET max_phi pi
#! SET nbins_phi  178
#! SET periodic_phi true
   -3.141592654   16.087142098  -49.099568879
   -3.106293860   14.421470168  -45.317604633
   -3.070995066   12.882346115  -42.087771807
   -3.035696272   11.440482247  -39.835621908
   -3.000397478   10.061750541  -38.456537972
   -2.965098684    8.722423425  -37.458325451
   -2.929799890    7.420259573  -36.341408974
   -2.894501097    6.168024095  -34.484489921
   -2.859202303    5.004528335  -31.274618486
   -2.823903509    3.985173964  -26.185426640
   -2.788604715    3.176552801  -19.531926620
   -2.753305921    2.614767160  -12.482444046
   -2.718007127    2.282937249   -6.839855864
   -2.682708333    2.106829503   -3.740710532
   -2.647409540    1.992801678   -3.146991991
   -2.612110746    1.873493214   -3.803905495
   -2.576811952    1.733280156   -4.159330081
   -2.541513158    1.602307496   -3.237523930
   -2.506214364    1.527548294   -1.024589463
   -2.470915570    1.542248075    1.779377116
   -2.435616776    1.653374345    4.261586456
   -2.400317983    1.838391456    5.797860897
   -2.365019189    2.059044141    6.486389971
   -2.329720395    2.296206426    6.673978049
   -2.294421601    2.540969874    7.070640262
   -2.259122807    2.800072366    7.434146619
   -2.223824013    3.060390773    6.925106509
   -2.188525219    3.276543791    4.895323651
   -2.153226425    3.400327719    1.868461066
   -2.117927632    3.424892692   -0.317195892
   -2.082628838    3.415949609    0.138657344
   -2.047330044    3.479083618    3.723774919
   -2.012031250    3.704304931    8.916325446
   -1.976732456    4.102296386   13.047286560
   -1.941433662    4.586063676   13.433901160
   -1.906134868    4.997206682    8.821606586
   -1.870836075    5.166102276    0.128666235
   -1.835537281    4.998726718   -9.676635745
   -1.800238487    4.523651747  -16.680834979
   -1.764939693    3.887471150  -18.605270572
   -1.729640899    3.266203677  -16.256968095
   -1.694342105    2.759144192  -12.732753859
   -1.659043311    2.349803836  -11.138840981
   -1.623744518    1.949847493  -11.964305066
   -1.588445724    1.504802558  -13.213664725
   -1.553146930    1.045122179  -12.630011856
   -1.517848136    0.647374421   -9.778643347
   -1.482549342    0.365329957   -6.394356712
   -1.447250548    0.187274989   -4.103618331
   -1.411951754    0.068769596   -2.807105284
   -1.376652961    0.000000000   -1.005022622
   -1.341354167    0.023282601    2.455451429
   -1.306055373    0.197601369    7.286626047
   -1.270756579    0.544850352   12.042935131
   -1.235457785    1.040356079   15.629493413
   -1.200158991    1.641989768   18.225570107
   -1.164860197    2.331978778   20.745498198
   -1.129561404    3.120593874   23.697674843
   -1.094262610    4.018433979   27.032550345
   -1.058963816    5.030924756   30.097861069
   -1.023665022    6.146275408   32.855393759
   -0.988366228    7.355443315   35.457816271
   -0.953067434    8.650850929   37.620162728
   -0.917768640   10.006616655   38.719850512
   -0.882469847   11.376127850   38.428096068
   -0.847171053   12.713923916   37.143077397
   -0.811872259   14.005039147   35.965856965
   -0.776573465   15.272267862   35.840902264
   -0.741274671   16.556760247   36.848528475
   -0.705975877   17.888594098   38.475126499
   -0.670677083   19.280579944   40.124587138
   -0.635378289   20.730558821   41.928163375
   -0.600079496   22.249110138   43.936026726
   -0.564780702   23.837984302   45.784126878
   -0.529481908   25.470997344   46.176242167
   -0.494183114   27.075010692   44.165561838
   -0.458884320   28.567761817   40.019586529
   -0.423585526   29.902388774   35.514412088
   -0.388286732   31.098072320   32.302600664
   -0.352987939   32.208833428   30.722577165
   -0.317689145   33.275844648   29.504391063
   -0.282390351   34.285680283   27.317850488
   -0.247091557   35.187935237   23.401235625
   -0.211792763   35.925745953   18.166175388
   -0.176493969   36.473085398   12.798161973
   -0.141195175   36.847505577    8.494585300
   -0.105896382   37.095217528    5.615325767
   -0.070597588   37.254409716    3.376532871
   -0.035298794   37.327323000    0.486608986
    0.000000000   37.278452712   -3.519011650
    0.035298794   37.076999771   -7.958519204
    0.070597588   36.725653667  -11.900485731
    0.105896382   36.249855870  -15.048733266
    0.141195175   35.665919700  -18.139433017
    0.176493969   34.960051679  -22.067170702
    0.211792763   34.101009708  -26.739962454
    0.247091557   33.078008989  -31.055578394
    0.282390351   31.928447370  -33.775193767
    0.317689145   30.719312897  -34.518014369
    0.352987939   29.504783031  -34.299546423
    0.388286732   28.288705372  -34.917469378
    0.423585526   27.017758964  -37.403968870
    0.458884320   25.635268558  -40.949292698
    0.494183114   24.142289384  -43.371998795
    0.529481908   22.610734476  -42.926359565
    0.564780702   21.142223026  -40.031865160
    0.600079496   19.787831093  -36.954698106
    0.635378289   18.511317076  -35.863154291
    0.670677083   17.227334551  -37.239351240
    0.705975877   15.874538353  -39.408157619
    0.741274671   14.467553961  -39.927961443
    0.776573465   13.097301162  -37.202197830
    0.811872259   11.878883193  -31.579960809
    0.847171053   10.881974177  -24.969129752
    0.882469847   10.102094938  -19.684572101
    0.917768640    9.465366709  -16.922124708
    0.953067434    8.887703492  -16.116797302
    0.988366228    8.332131089  -15.281305675
    1.023665022    7.837292704  -12.377805897
    1.058963816    7.499272453   -6.386975874
    1.094262610    7.420735798    2.105171440
    1.129561404    7.661638684   11.426917572
    1.164860197    8.221143538   19.897526040
    1.200158991    9.052658796   26.822142734
    1.235457785   10.103447692   32.296278284
    1.270756579   11.330273123   36.912738433
    1.306055373   12.708082541   40.905755052
    1.341354167   14.217586197   44.323116339
    1.376652961   15.842603508   47.617716177
    1.411951754   17.592033547   51.469306418
    1.447250548   19.497247666   56.538665798
    1.482549342   21.602511691   62.563399759
    1.517848136   23.921751119   68.485373188
    1.553146930   26.426001952   72.863419893
    1.588445724   29.048063818   75.215487882
    1.623744518   31.725585389   76.218664112
    1.659043311   34.432956642   76.981186259
    1.694342105   37.172587349   78.116185546
    1.729640899   39.948809997   78.763432507
    1.764939693   42.717288958   77.468745762
    1.800238487   45.383070302   72.815711882
    1.835537281   47.818360846   64.449384497
    1.870836075   49.904761018   53.259247502
    1.906134868   51.571309649   40.962621431
    1.941433662   52.811659598   29.492495563
    1.976732456   53.682977765   20.179206668
    2.012031250   54.273443813   13.613406137
    2.047330044   54.675888954    9.427435552
    2.082628838   54.959602215    6.731615318
    2.117927632   55.161912242    4.692818572
    2.153226425   55.295171359    2.800644727
    2.188525219   55.360092113    0.830654420
    2.223824013   55.353102971   -1.253282131
    2.259122807   55.271561523   -3.390879231
    2.294421601   55.115826367   -5.374461271
    2.329720395   54.895814876   -7.013830669
    2.365019189   54.624083076   -8.336318572
    2.400317983   54.303765385   -9.944011342
    2.435616776   53.904412535  -13.029395408
    2.470915570   53.348995639  -18.972759976
    2.506214364   52.523316126  -28.338309659
    2.541513158   51.316983831  -40.248172399
    2.576811952   49.677183224  -52.458999184
    2.612110746   47.638689842  -62.438864689
    2.647409540   45.314472574  -68.517006034
    2.682708333   42.848211732  -70.541492116
    2.718007127   40.370962382  -69.335775846
    2.753305921   37.976508977  -66.022126795
    2.788604715   35.720931179  -61.648383173
    2.823903509   33.621963322  -57.381064299
    2.859202303   31.651860805  -54.514798136
    2.894501097   29.745324967  -53.839743284
    2.929799890   27.827257995  -55.009806131
    2.965098684   25.853831027  -56.736587658
    3.000397478   23.829591688  -57.713646855
    3.035696272   21.795050158  -57.307144081
    3.070995066   19.798875354  -55.563410737
    3.106293860   17.885896843  -52.710351115
