#! FIELDS phi file.free der_phi
#! SET min_phi -pi
#! SET max_phi pi
#! SET nbins_phi  178
#! SET periodic_phi true
   -3.141592654   15.796342291  -51.235100401
   -3.106293860   14.049215958  -47.945026984
   -3.070995066   12.404733847  -45.427441473
   -3.035696272   10.842367224  -43.210029514
   -3.000397478    9.363943860  -40.526778868
   -2.965098684    7.994039700  -37.022200048
   -2.929799890    6.760865690  -32.934157329
   -2.894501097    5.676224399  -28.599276182
   -2.859202303    4.747448610  -24.169177928
   -2.823903509    3.978310433  -19.421513474
   -2.788604715    3.381122768  -14.614759589
   -2.753305921    2.944801565  -10.471978186
   -2.718007127    2.626817415   -8.113336477
   -2.682708333    2.355150548   -7.777917291
   -2.647409540    2.069493425   -8.614323501
   -2.612110746    1.758440675   -8.958582795
   -2.576811952    1.466925579   -7.449225933
   -2.541513158    1.268047124   -3.786171271
   -2.506214364    1.222751754    1.042160924
   -2.470915570    1.344390083    5.504469898
   -2.435616776    1.597366381    8.285262625
   -2.400317983    1.912275650    8.919067876
   -2.365019189    2.217582395    8.060871754
   -2.329720395    2.482922670    6.695169200
   -2.294421601    2.708767446    6.047323776
   -2.259122807    2.926083840    6.203079432
   -2.223824013    3.155144969    6.507401340
   -2.188525219    3.385709311    6.172909780
   -2.153226425    3.589480503    5.004180196
   -2.117927632    3.744018586    3.538938010
   -2.082628838    3.852071020    2.402680510
   -2.047330044    3.929432403    1.856709544
   -2.012031250    3.995271463    1.674356445
   -1.976732456    4.056210000    1.547344395
   -1.941433662    4.107280191    1.063418728
   -1.906134868    4.131206935   -0.106808122
   -1.870836075    4.098171752   -2.072563046
   -1.835537281    3.987625083   -4.435450853
   -1.800238487    3.801598054   -6.161425632
   -1.764939693    3.573562132   -6.775598049
   -1.729640899    3.335198608   -6.990245495
   -1.694342105    3.076045303   -8.178023585
   -1.659043311    2.743510842  -11.205494358
   -1.623744518    2.283330280  -15.014389014
   -1.588445724    1.708427421  -17.266771451
   -1.553146930    1.111197843  -16.234770859
   -1.517848136    0.606543532  -12.240806052
   -1.482549342    0.263258346   -7.432563797
   -1.447250548    0.076070705   -3.658002295
   -1.411951754    0.000000000   -0.967743366
   -1.376652961    0.015860084    1.781463029
   -1.341354167    0.142318694    5.298168008
   -1.306055373    0.402779573    9.130761526
   -1.270756579    0.787418211   12.237594039
   -1.235457785    1.264239673   14.435580808
   -1.200158991    1.816380752   16.802043871
   -1.164860197    2.472773963   20.385056554
   -1.129561404    3.278419029   24.947395943
   -1.094262610    4.241192746   29.210388170
   -1.058963816    5.326915933   31.755780153
   -1.023665022    6.473228544   32.770916559
   -0.988366228    7.645395413   33.464825285
   -0.953067434    8.850316912   34.656164022
   -0.917768640   10.106809477   36.240482611
   -0.882469847   11.417759779   37.699053763
   -0.847171053   12.772329535   38.825519739
   -0.811872259   14.167254849   40.071578757
   -0.776573465   15.616418242   41.874171408
   -0.741274671   17.137408222   44.008624990
   -0.705975877   18.729963659   45.885438425
   -0.670677083   20.377418790   47.027048874
   -0.635378289   22.054064913   47.732104254
   -0.600079496   23.750982244   48.100377744
   -0.564780702   25.449012793   47.614378573
   -0.529481908   27.096392568   44.981338967
   -0.494183114   28.599963460   39.629718085
   -0.458884320   29.881876318   32.738114344
   -0.423585526   30.934693917   27.116109306
   -0.388286732   31.847078426   24.928231566
   -0.352987939   32.744091853   26.166921167
   -0.317689145   33.715475337   28.681788653
   -0.282390351   34.764716029   30.288216098
   -0.247091557   35.834413995   29.764958071
   -0.211792763   36.845836716   27.073014429
   -0.176493969   37.733237441   22.833611324
   -0.141195175   38.455007518   17.731463303
   -0.105896382   38.987403249   12.166666741
   -0.070597588   39.312196140    6.054919789
   -0.035298794   39.408202243   -0.860837831
    0.000000000   39.251464281   -8.157319676
    0.035298794   38.847412525  -14.656992366
    0.070597588   38.245818922  -19.189160008
    0.105896382   37.524437709  -21.487043603
    0.141195175   36.746154727  -22.626386888
    0.176493969   35.924561773  -24.223922678
    0.211792763   35.024105217  -27.151329549
    0.247091557   34.000095931  -30.994377645
    0.282390351   32.844555652  -34.345292261
    0.317689145   31.600169123  -35.939489711
    0.352987939   30.330737300  -35.840063459
    0.388286732   29.074019008  -35.631969955
    0.423585526   27.799711990  -36.945743045
    0.458884320   26.446666567  -39.943337544
    0.494183114   24.985181503  -42.795344761
    0.529481908   23.458246359  -43.335481595
    0.564780702   21.959947816  -41.287021457
    0.600079496   20.553040880  -38.682905208
    0.635378289   19.210601968  -37.965288621
    0.670677083   17.843970462  -39.887206985
    0.705975877   16.387452940  -42.634290106
    0.741274671   14.863705878  -43.271075187
    0.776573465   13.385826389  -39.900401491
    0.811872259   12.092697911  -33.115410773
    0.847171053   11.064514705  -25.268079014
    0.882469847   10.295792809  -18.801629460
    0.917768640    9.712502451  -14.792301263
    0.953067434    9.234282813  -12.687057912
    0.988366228    8.819515491  -10.889153686
    1.023665022    8.484363413   -7.995253771
    1.058963816    8.283658776   -3.239312045
    1.094262610    8.280715036    3.110258628
    1.129561404    8.516497396   10.144215729
    1.164860197    9.000432516   16.993060184
    1.200158991    9.718825624   23.470655200
    1.235457785   10.661305933   29.614780022
    1.270756579   11.816680481   35.570579495
    1.306055373   13.173332151   40.959269974
    1.341354167   14.704321586   45.318016385
    1.376652961   16.373427098   48.974100114
    1.411951754   18.173164575   52.905601040
    1.447250548   20.133067194   58.226987206
    1.482549342   22.310080947   64.966548777
    1.517848136   24.733324412   71.949897246
    1.553146930   27.377612948   77.193339690
    1.588445724   30.157805900   79.603175833
    1.623744518   32.974511070   79.450146151
    1.659043311   35.757833203   77.796981545
    1.694342105   38.471366032   75.704437893
    1.729640899   41.107847719   73.322843085
    1.764939693   43.655028506   70.731780080
    1.800238487   46.106649466   68.002953369
    1.835537281   48.463278105   65.341011269
    1.870836075   50.726741636   62.617786863
    1.906134868   52.883278486   59.158880908
    1.941433662   54.893571549   54.310349566
    1.976732456   56.706044720   47.983249012
    2.012031250   58.279939516   41.013338123
    2.047330044   59.610372645   34.348076907
    2.082628838   60.718296663   28.360939469
    2.117927632   61.622004558   22.704536687
    2.153226425   62.318896668   16.558691065
    2.188525219   62.781486659    9.417885858
    2.223824013   62.976557052    1.501431619
    2.259122807   62.890466101   -6.403671058
    2.294421601   62.538210329  -13.394130004
    2.329720395   61.958986785  -19.338406457
    2.365019189   61.178871688  -24.951076547
    2.400317983   60.187990823  -31.453165541
    2.435616776   58.938262520  -39.625973537
    2.470915570   57.375813054  -48.998633457
    2.506214364   55.486223434  -57.849780879
    2.541513158   53.322118479  -64.197201198
    2.576811952   50.994919387  -67.040657705
    2.612110746   48.624839434  -66.811777932
    2.647409540   46.297259129  -64.919704545
    2.682708333   44.040271732  -62.983643046
    2.718007127   41.840384737  -61.832415972
    2.753305921   39.667736187  -61.299767969
    2.788604715   37.508908532  -61.001172278
    2.823903509   35.359229427  -60.858251900
    2.859202303   33.204529696  -61.346182128
    2.894501097   31.015509522  -62.802787209
    2.929799890   28.764662357  -64.727027982
    2.965098684   26.455296686  -65.934110731
    3.000397478   24.131213528  -65.441242549
    3.035696272   21.858759012  -63.062959781
    3.070995066   19.695194752  -59.409584306
    3.106293860   17.673161104  -55.217280852
