#! FIELDS phi file.free der_phi
#! SET min_phi -pi
#! SET max_phi pi
#! SET nbins_phi  178
#! SET periodic_phi true
   -3.141592654   15.168850754  -50.306208802
   -3.106293860   13.432979772  -48.113775261
   -3.070995066   11.774625189  -45.893557766
   -3.035696272   10.202291936  -43.210857362
   -3.000397478    8.737551209  -39.737325740
   -2.965098684    7.406423486  -35.693119476
   -2.929799890    6.220788878  -31.682546298
   -2.894501097    5.169405452  -28.048503131
   -2.859202303    4.242598430  -24.620559936
   -2.823903509    3.441128041  -20.745243291
   -2.788604715    2.787984728  -16.365815024
   -2.753305921    2.289598061  -12.148385802
   -2.718007127    1.919308757   -9.349628980
   -2.682708333    1.614553504   -8.400535872
   -2.647409540    1.318414586   -8.576604627
   -2.612110746    1.020142931   -8.274840120
   -2.576811952    0.763467942   -6.165888778
   -2.541513158    0.618463943   -2.053965272
   -2.506214364    0.637750219    2.915268397
   -2.470915570    0.821154353    7.053717841
   -2.435616776    1.116147993    9.058451652
   -2.400317983    1.440553004    8.676180262
   -2.365019189    1.720326199    6.909680865
   -2.329720395    1.934919523    5.068387640
   -2.294421601    2.103413552    4.531721503
   -2.259122807    2.277233210    5.332006341
   -2.223824013    2.491913865    6.592849711
   -2.188525219    2.742877412    7.225028812
   -2.153226425    2.997202804    6.760760064
   -2.117927632    3.220050437    5.584428162
   -2.082628838    3.399245005    4.330827098
   -2.047330044    3.538188996    3.395999212
   -2.012031250    3.649464250    2.717061973
   -1.976732456    3.738457981    2.107451411
   -1.941433662    3.801427666    1.185737416
   -1.906134868    3.821812133   -0.430992555
   -1.870836075    3.768264157   -2.920186497
   -1.835537281    3.617764546   -5.844378461
   -1.800238487    3.373702714   -7.988569204
   -1.764939693    3.079314686   -8.617760136
   -1.729640899    2.784152455   -8.258323964
   -1.694342105    2.498507310   -8.334158870
   -1.659043311    2.184088333  -10.004781679
   -1.623744518    1.788202543  -12.630048294
   -1.588445724    1.311166246  -14.199734018
   -1.553146930    0.824929203  -13.106717968
   -1.517848136    0.423989090   -9.544492499
   -1.482549342    0.164307713   -5.403849571
   -1.447250548    0.036883365   -2.276165734
   -1.411951754    0.000000000   -0.088521343
   -1.376652961    0.040056175    2.300120001
   -1.341354167    0.179839361    5.548561496
   -1.306055373    0.444963028    9.147641068
   -1.270756579    0.825688417   11.990486383
   -1.235457785    1.287429403   13.807074116
   -1.200158991    1.808160974   15.627204230
   -1.164860197    2.411843879   18.588207170
   -1.129561404    3.144995822   22.706284329
   -1.094262610    4.027843684   27.041898789
   -1.058963816    5.048325787   30.352471513
   -1.023665022    6.167304670   32.698794549
   -0.988366228    7.363184073   34.867547003
   -0.953067434    8.638513390   37.143425924
   -0.917768640    9.990067396   38.987730234
   -0.882469847   11.387471750   39.694910623
   -0.847171053   12.785590550   39.183526345
   -0.811872259   14.156751957   38.349872163
   -0.776573465   15.509849628   38.241365081
   -0.741274671   16.879042756   39.208982770
   -0.705975877   18.296748556   40.972054670
   -0.670677083   19.783702196   42.996603144
   -0.635378289   21.343937147   45.244911599
   -0.600079496   22.983934654   47.364287687
   -0.564780702   24.684634618   48.454415357
   -0.529481908   26.383330850   46.975183403
   -0.494183114   27.970398904   42.295012698
   -0.458884320   29.351884347   35.678430185
   -0.423585526   30.509644493   30.116148042
   -0.388286732   31.528758113   28.007884415
   -0.352987939   32.537541462   29.442401012
   -0.317689145   33.627792678   32.109287022
   -0.282390351   34.794092285   33.378370750
   -0.247091557   35.952873096   31.527563062
   -0.211792763   36.986185904   26.383005150
   -0.176493969   37.795137113   19.047724592
   -0.141195175   38.331824667   11.188009822
   -0.105896382   38.603178417    4.219723206
   -0.070597588   38.649797728   -1.444404423
   -0.035298794   38.513775591   -6.278093004
    0.000000000   38.217090070  -10.584176580
    0.035298794   37.782051224  -14.024365595
    0.070597588   37.247914095  -16.150581628
    0.105896382   36.659550151  -17.214566973
    0.141195175   36.032698764  -18.542395579
    0.176493969   35.332186155  -21.607724410
    0.211792763   34.486955951  -26.664381423
    0.247091557   33.443042049  -32.517661399
    0.282390351   32.207201929  -37.228694051
    0.317689145   30.847439631  -39.496318181
    0.352987939   29.446951107  -39.673076800
    0.388286732   28.051904855  -39.631848348
    0.423585526   26.634200274  -41.042290060
    0.458884320   25.138180620  -43.873930785
    0.494183114   23.548372568  -46.030448297
    0.529481908   21.929184088  -45.224193895
    0.564780702   20.395385902  -41.351703703
    0.600079496   19.018814038  -36.934023804
    0.635378289   17.761668477  -35.012266045
    0.670677083   16.505720266  -36.752780510
    0.705975877   15.147951081  -40.309433276
    0.741274671   13.683022180  -42.279988851
    0.776573465   12.217446276  -40.117978525
    0.811872259   10.904697099  -33.864744237
    0.847171053    9.853012419  -25.716899744
    0.882469847    9.083668150  -18.309110978
    0.917768640    8.538614070  -13.109487245
    0.953067434    8.139084683   -9.963850204
    0.988366228    7.832669317   -7.565668179
    1.023665022    7.616857413   -4.660180617
    1.058963816    7.525177989   -0.478999835
    1.094262610    7.602692468    4.858470726
    1.129561404    7.879226768   10.713522391
    1.164860197    8.363526693   16.481629850
    1.200158991    9.049019449   22.185105774
    1.235457785    9.938222649   27.958138011
    1.270756579   11.034717279   33.960131960
    1.306055373   12.341170448   39.797488439
    1.341354167   13.844512670   44.972267179
    1.376652961   15.520262502   49.732680722
    1.411951754   17.367369653   54.812097309
    1.447250548   19.409822248   60.899114176
    1.482549342   21.682202362   67.525957928
    1.517848136   24.177331693   73.290644088
    1.553146930   26.835109509   76.566874815
    1.588445724   29.558892201   77.152543679
    1.623744518   32.272057576   76.286784688
    1.659043311   34.953831575   75.464260240
    1.694342105   37.618362239   75.404320097
    1.729640899   40.286701477   75.416810997
    1.764939693   42.943372280   74.697716686
    1.800238487   45.551893908   72.713025181
    1.835537281   48.067312547   69.395674577
    1.870836075   50.442551904   64.704102448
    1.906134868   52.624471148   58.428844759
    1.941433662   54.556953799   50.702696010
    1.976732456   56.200919195   42.251580883
    2.012031250   57.552849648   34.391409040
    2.047330044   58.653503024   28.156477107
    2.082628838   59.567401813   23.734428964
    2.117927632   60.349210451   20.550069688
    2.153226425   61.023138434   17.472976800
    2.188525219   61.573222812   13.405352781
    2.223824013   61.951639009    7.697842539
    2.259122807   62.100405735    0.409192959
    2.294421601   61.974161501   -7.628389144
    2.329720395   61.564078533  -15.562421883
    2.365019189   60.882842981  -22.993188414
    2.400317983   59.942777809  -30.347181797
    2.435616776   58.731469162  -38.452725960
    2.470915570   57.215093923  -47.616620855
    2.506214364   55.367977041  -56.980464242
    2.541513158   53.210488519  -64.830773388
    2.576811952   50.826649878  -69.614544431
    2.612110746   48.337199450  -70.856032714
    2.647409540   45.856267551  -69.376204303
    2.682708333   43.449418361  -66.901172518
    2.718007127   41.126357017  -64.873163505
    2.753305921   38.858080182  -63.744599501
    2.788604715   36.616668954  -63.300106444
    2.823903509   34.384904275  -63.207291038
    2.859202303   32.148902249  -63.526183415
    2.894501097   29.893609803  -64.274728768
    2.929799890   27.612304675  -64.882810541
    2.965098684   25.326108431  -64.419470375
    3.000397478   23.083060660  -62.427310130
    3.035696272   20.933553182  -59.269890825
    3.070995066   18.902504302  -55.866434633
    3.106293860   16.987213469  -52.819518741
