#! FIELDS phi metad.bias der_phi
#! SET min_phi -pi
#! SET max_phi pi
#! SET nbins_phi  315
#! SET periodic_phi true
   -3.141592654   51.887910629   47.596359565
   -3.121646034   52.819258885   45.691347727
   -3.101699414   53.717272001   43.902956257
   -3.081752794   54.579409662   42.464554474
   -3.061806173   55.419694909   41.098504314
   -3.041859553   56.228655895   39.633873453
   -3.021912933   57.006581784   38.005644567
   -3.001966313   57.751587266   36.130464509
   -2.982019693   58.458232197   34.246530453
   -2.962073073   59.123014707   32.104903049
   -2.942126453   59.747321029   29.977942442
   -2.922179833   60.324319823   27.820772362
   -2.902233213   60.862734786   25.810775956
   -2.882286593   61.358522224   23.791124627
   -2.862339973   61.819612422   21.823755024
   -2.842393353   62.239837172   20.085130849
   -2.822446733   62.621353209   17.996718477
   -2.802500113   62.957438746   15.651818641
   -2.782553493   63.250922248   13.378071383
   -2.762606873   63.499581401   11.312890487
   -2.742660253   63.704850524    9.344796356
   -2.722713633   63.876026506    7.864546703
   -2.702767013   64.025346291    6.738705965
   -2.682820393   64.154953638    6.283376692
   -2.662873773   64.283088844    6.328966158
   -2.642927153   64.411461953    6.464217136
   -2.622980533   64.540499937    6.587351756
   -2.603033913   64.666730568    6.271034352
   -2.583087293   64.793011879    5.655252298
   -2.563140673   64.895675909    4.448588070
   -2.543194053   64.967756044    2.889010565
   -2.523247433   65.004365310    1.036113491
   -2.503300813   65.001225926   -1.378297425
   -2.483354193   64.953924903   -3.552523758
   -2.463407573   64.865508950   -5.322727777
   -2.443460953   64.741274486   -6.785440824
   -2.423514333   64.594647589   -7.827501690
   -2.403567713   64.438313894   -8.411495168
   -2.383621093   64.265784333   -8.568893966
   -2.363674473   64.094028873   -8.250350188
   -2.343727853   63.932083323   -8.003985390
   -2.323781233   63.778243439   -7.707535913
   -2.303834613   63.628250894   -7.311289386
   -2.283887993   63.483476307   -7.145769817
   -2.263941373   63.341502491   -7.097552119
   -2.243994753   63.200861827   -6.971646514
   -2.224048133   63.059074507   -6.921352908
   -2.204101513   62.925380152   -6.524375699
   -2.184154892   62.800703051   -5.985576614
   -2.164208272   62.687193219   -5.263449419
   -2.144261652   62.588097523   -4.449487822
   -2.124315032   62.507559003   -3.622550124
   -2.104368412   62.441793743   -3.003086078
   -2.084421792   62.388364736   -2.483331818
   -2.064475172   62.343014323   -1.900799346
   -2.044528552   62.307812228   -1.757941576
   -2.024581932   62.272081096   -1.631503543
   -2.004635312   62.240475883   -1.476207102
   -1.984688692   62.213153486   -1.543305506
   -1.964742072   62.182086653   -1.362547181
   -1.944795452   62.154038384   -1.301680876
   -1.924848832   62.130791825   -0.979552532
   -1.904902212   62.117530778   -0.511360082
   -1.884955592   62.116952514    0.417887698
   -1.865008972   62.139935585    1.665505009
   -1.845062352   62.181865907    2.643719841
   -1.825115732   62.246827673    3.820701918
   -1.805169112   62.331315735    4.673075129
   -1.785222492   62.436025281    5.289174152
   -1.765275872   62.545015394    5.740902063
   -1.745329252   62.664629953    6.077799534
   -1.725382632   62.782627774    6.220489076
   -1.705436012   62.910961281    6.803871733
   -1.685489392   63.057503905    7.770734862
   -1.665542772   63.231519876    9.396350569
   -1.645596152   63.440432975   11.235690907
   -1.625649532   63.681510288   12.990839631
   -1.605702912   63.954794138   14.386513183
   -1.585756292   64.245154826   14.916379054
   -1.565809672   64.541508001   14.447202509
   -1.545863052   64.817463636   12.999267226
   -1.525916432   65.060820455   10.976858139
   -1.505969812   65.254113723    8.494850514
   -1.486023192   65.401807447    6.228910706
   -1.466076572   65.508369440    4.326471548
   -1.446129952   65.576993307    2.715663647
   -1.426183332   65.619640658    1.584520016
   -1.406236712   65.644287030    0.616522847
   -1.386290092   65.643850211   -0.585537488
   -1.366343472   65.613203401   -2.004070415
   -1.346396852   65.558232733   -3.690790081
   -1.326450232   65.460706806   -5.810136948
   -1.306503611   65.324145473   -7.805122459
   -1.286556991   65.153436809   -9.618802645
   -1.266610371   64.945944169  -11.158026171
   -1.246663751   64.709326982  -12.570622256
   -1.226717131   64.442705518  -13.929896286
   -1.206770511   64.150764451  -15.345708131
   -1.186823891   63.823477565  -17.072869405
   -1.166877271   63.456397233  -19.113528411
   -1.146930651   63.050696469  -21.640907782
   -1.126984031   62.597097961  -24.007585998
   -1.107037411   62.092991674  -26.208187415
   -1.087090791   61.546542158  -27.858650538
   -1.067144171   60.974532094  -29.006767678
   -1.047197551   60.391731020  -29.350376849
   -1.027250931   59.804514121  -29.485498605
   -1.007304311   59.214377910  -29.424584537
   -0.987357691   58.623076720  -29.394973178
   -0.967411071   58.031749824  -29.530755159
   -0.947464451   57.431574248  -30.031837888
   -0.927517831   56.821030163  -30.829721642
   -0.907571211   56.197968596  -31.603533418
   -0.887624591   55.559896393  -32.323564553
   -0.867677971   54.904937884  -32.840348545
   -0.847731351   54.242515083  -33.504408784
   -0.827784731   53.556672421  -34.216752284
   -0.807838111   52.861716927  -35.145072320
   -0.787891491   52.145609602  -36.123211038
   -0.767944871   51.406116991  -37.303489601
   -0.747998251   50.652062163  -38.452104924
   -0.728051631   49.870490959  -39.584376262
   -0.708105011   49.066660585  -40.494510814
   -0.688158391   48.247308661  -41.416311054
   -0.668211771   47.412495261  -42.065643078
   -0.648265151   46.562585013  -42.554138749
   -0.628318531   45.709035317  -42.931719875
   -0.608371911   44.844504935  -43.162030364
   -0.588425291   43.981050572  -42.900787128
   -0.568478671   43.123287014  -42.317522471
   -0.548532051   42.284599354  -41.223582518
   -0.528585431   41.482086880  -39.199706784
   -0.508638811   40.723284242  -36.264074016
   -0.488692191   40.030445380  -32.787083988
   -0.468745571   39.409783024  -29.042484300
   -0.448798951   38.863968576  -25.474410731
   -0.428852330   38.382345424  -22.559214164
   -0.408905710   37.948012741  -20.873259096
   -0.388959090   37.534902243  -20.494102891
   -0.369012470   37.118947834  -21.171472254
   -0.349065850   36.682226061  -22.384101202
   -0.329119230   36.214075128  -24.032366184
   -0.309172610   35.714608430  -25.729106329
   -0.289225990   35.184933611  -26.893047263
   -0.269279370   34.638483558  -27.501536114
   -0.249332750   34.092758272  -27.258571578
   -0.229386130   33.557497645  -26.447988107
   -0.209439510   33.041988045  -24.876223609
   -0.189492890   32.562038216  -22.960062250
   -0.169546270   32.118517659  -20.651411847
   -0.149599650   31.731867303  -18.147226587
   -0.129653030   31.399702696  -15.328405403
   -0.109706410   31.124625408  -12.313416899
   -0.089759790   30.910939649   -9.031540579
   -0.069813170   30.765161717   -5.504138672
   -0.049866550   30.687849497   -1.786676569
   -0.029919930   30.689071448    1.955158076
   -0.009973310   30.766725302    5.750390279
    0.009973310   30.915355293    9.098133369
    0.029919930   31.126614848   11.949898382
    0.049866550   31.389610142   14.055479858
    0.069813170   31.687577363   15.556952282
    0.089759790   32.005163701   16.211435875
    0.109706410   32.334215503   16.576702682
    0.129653030   32.668058797   16.848558044
    0.149599650   33.009319976   17.379581760
    0.169546270   33.366196370   18.407543835
    0.189492890   33.751097090   20.099706872
    0.209439510   34.179931466   22.403409713
    0.229386130   34.660556440   25.259894759
    0.249332750   35.193801543   28.060132670
    0.269279370   35.783982712   30.742829729
    0.289225990   36.422710477   32.985470136
    0.309172610   37.099863585   34.423004330
    0.329119230   37.797944894   35.243238566
    0.349065850   38.506934692   35.624230968
    0.369012470   39.222614496   35.815607975
    0.388959090   39.941777515   36.117393762
    0.408905710   40.681596132   37.082180522
    0.428852330   41.436364465   38.380868375
    0.448798951   42.217459446   39.925717394
    0.468745571   43.030845785   41.485457070
    0.488692191   43.875581005   42.607014359
    0.508638811   44.736365660   42.885816053
    0.528585431   45.589394929   42.054783873
    0.548532051   46.413382651   40.307159950
    0.568478671   47.196663588   37.978481669
    0.588425291   47.931428520   35.453192852
    0.608371911   48.624049575   33.521757725
    0.628318531   49.279851311   32.158700198
    0.648265151   49.919830069   31.756145534
    0.668211771   50.563704176   32.391492444
    0.688158391   51.221539391   33.459919451
    0.708105011   51.900582731   34.512751213
    0.728051631   52.602964925   35.231492200
    0.747998251   53.307434296   35.057830034
    0.767944871   53.995406384   33.816543824
    0.787891491   54.657186885   31.605097563
    0.807838111   55.263010008   28.757540274
    0.827784731   55.807300503   25.444408284
    0.847731351   56.285306313   22.281277027
    0.867677971   56.703359951   19.306286408
    0.887624591   57.066438584   17.035045476
    0.907571211   57.389392675   15.264346381
    0.927517831   57.678976424   13.981594088
    0.947464451   57.949004996   12.955890484
    0.967411071   58.197359109   11.852576379
    0.987357691   58.426747088   10.939363296
    1.007304311   58.633600678    9.596972667
    1.027250931   58.806439455    7.717281473
    1.047197551   58.937412396    5.346035806
    1.067144171   59.017041708    2.563342277
    1.087090791   59.041588333   -0.540273230
    1.107037411   58.993800024   -3.724298157
    1.126984031   58.883043184   -7.180225371
    1.146930651   58.703859412  -10.675636251
    1.166877271   58.461365249  -14.049199368
    1.186823891   58.148265073  -17.217753210
    1.206770511   57.764224619  -20.619633913
    1.226717131   57.316818963  -23.981492877
    1.246663751   56.803581257  -27.475949532
    1.266610371   56.217904449  -30.962682269
    1.286556991   55.563548193  -34.292545215
    1.306503611   54.842537955  -37.316384359
    1.326450232   54.068693380  -40.091216538
    1.346396852   53.242946259  -42.506965194
    1.366343472   52.367546783  -44.514056190
    1.386290092   51.454835808  -46.659162728
    1.406236712   50.499060359  -48.758187033
    1.426183332   49.500050996  -51.053703179
    1.446129952   48.446307288  -53.847632880
    1.466076572   47.335390194  -57.179200324
    1.486023192   46.153725682  -60.656510586
    1.505969812   44.904826767  -64.026428125
    1.525916432   43.589827888  -67.221972042
    1.545863052   42.216643324  -69.734482355
    1.565809672   40.798886439  -71.583893506
    1.585756292   39.356165463  -72.581214868
    1.605702912   37.897942795  -72.684424283
    1.625649532   36.442868900  -72.318855000
    1.645596152   35.000559817  -71.594583089
    1.665542772   33.576457759  -70.650356854
    1.685489392   32.170493363  -69.444226148
    1.705436012   30.788663459  -68.219492882
    1.725382632   29.435422519  -66.957508627
    1.745329252   28.110759364  -65.512966844
    1.765275872   26.813769164  -64.088965170
    1.785222492   25.539592421  -62.702409647
    1.805169112   24.295700911  -61.633747728
    1.825115732   23.070227307  -60.568209846
    1.845062352   21.864299381  -59.855984648
    1.865008972   20.673197241  -58.975027976
    1.884955592   19.499015665  -58.002690920
    1.904902212   18.350196131  -56.664178223
    1.924848832   17.233019836  -54.636700483
    1.944795452   16.162712098  -51.900418317
    1.964742072   15.158100909  -48.538105972
    1.984688692   14.224774607  -44.454065332
    2.004635312   13.377454329  -40.195549816
    2.024581932   12.614588982  -35.829565766
    2.044528552   11.936387901  -31.730502349
    2.064475172   11.339975666  -27.968837328
    2.084421792   10.814107586  -24.572811587
    2.104368412   10.352751338  -21.517259259
    2.124315032    9.948999739  -18.671928580
    2.144261652    9.600151892  -15.930037484
    2.164208272    9.308732752  -13.128605266
    2.184154892    9.080496179  -10.071825193
    2.204101513    8.910938198   -6.607151310
    2.224048133    8.813390043   -2.925892253
    2.243994753    8.793412400    0.832847860
    2.263941373    8.848933790    4.545309817
    2.283887993    8.976942746    8.242469213
    2.303834613    9.175468249   11.633712086
    2.323781233    9.442197554   14.797112383
    2.343727853    9.773523599   18.057521921
    2.363674473   10.167397581   21.254118117
    2.383621093   10.625330105   24.614418849
    2.403567713   11.158767287   28.460283779
    2.423514333   11.770785337   32.826269645
    2.443460953   12.473459758   37.596303752
    2.463407573   13.277600952   42.657422734
    2.483354193   14.184528435   47.750400188
    2.503300813   15.192077603   52.545436404
    2.523247433   16.285968455   56.686484378
    2.543194053   17.455686221   59.815495937
    2.563140673   18.672336333   61.828068727
    2.583087293   19.919820819   62.707198046
    2.603033913   21.177296420   62.631535060
    2.622980533   22.424180201   61.749604118
    2.642927153   23.648614771   60.355560022
    2.662873773   24.843942471   58.915706374
    2.682820393   26.008887634   57.451973246
    2.702767013   27.146831072   56.216965210
    2.722713633   28.261339693   55.168583475
    2.742660253   29.363731170   54.570421699
    2.762606873   30.454166116   54.259836378
    2.782553493   31.539146139   54.102397803
    2.802500113   32.623864677   54.123047576
    2.822446733   33.714931809   54.422901304
    2.842393353   34.812130024   54.903066163
    2.862339973   35.922121748   55.714704204
    2.882286593   37.045923403   56.694146632
    2.902233213   38.195027944   57.923402744
    2.922179833   39.366728395   59.097811234
    2.942126453   40.562604011   60.063149954
    2.962073073   41.775512464   60.796951105
    2.982019693   42.993771882   60.831927196
    3.001966313   44.211762033   60.434049299
    3.021912933   45.408902442   59.341706819
    3.041859553   46.586490646   57.968911408
    3.061806173   47.731025952   56.185926210
    3.081752794   48.833252515   53.988708041
    3.101699414   49.893562251   51.724383516
    3.121646034   50.909445813   49.642783752
