1.407942414283752441e+00
1.068997859954833984e+00
1.432649850845336914e+00
1.731697916984558105e+00
1.564908742904663086e+00
1.435163497924804688e+00
1.301118493080139160e+00
1.180054783821105957e+00
1.159891724586486816e+00
1.147934317588806152e+00
1.077362179756164551e+00
1.410946965217590332e+00
1.262929081916809082e+00
1.198012590408325195e+00
1.303360819816589355e+00
1.327596783638000488e+00
1.119843602180480957e+00
1.237361788749694824e+00
1.079767942428588867e+00
1.405256032943725586e+00
1.448520898818969727e+00
1.074391484260559082e+00
9.200371503829956055e-01
1.105036139488220215e+00
1.125247716903686523e+00
1.503201127052307129e+00
1.368121147155761719e+00
1.413201689720153809e+00
1.200554490089416504e+00
1.244023561477661133e+00
1.219569325447082520e+00
1.359490513801574707e+00
9.855126738548278809e-01
1.283682346343994141e+00
1.055201888084411621e+00
1.207172751426696777e+00
1.133576393127441406e+00
1.257911086082458496e+00
1.141000509262084961e+00
1.215852499008178711e+00
1.217122435569763184e+00
1.028943777084350586e+00
1.246738672256469727e+00
1.139628529548645020e+00
1.050388097763061523e+00
1.191507816314697266e+00
1.146092772483825684e+00
1.018010973930358887e+00
1.143962979316711426e+00
1.083033204078674316e+00
1.475844979286193848e+00
1.089426040649414062e+00
1.360275030136108398e+00
1.114444375038146973e+00
1.210284829139709473e+00
1.096836328506469727e+00
1.236856460571289062e+00
1.507606625556945801e+00
1.336323738098144531e+00
1.037163972854614258e+00
1.409589171409606934e+00
1.425396203994750977e+00
1.319671511650085449e+00
1.502287864685058594e+00
1.470403075218200684e+00
1.823093295097351074e+00
1.382660627365112305e+00
1.251212954521179199e+00
1.266821026802062988e+00
1.281891584396362305e+00
1.143824338912963867e+00
1.118243575096130371e+00
1.055380105972290039e+00
1.294669389724731445e+00
1.026462793350219727e+00
1.204167246818542480e+00
1.347328305244445801e+00
1.399536013603210449e+00
1.156886339187622070e+00
1.657699227333068848e+00
1.365656018257141113e+00
1.395526528358459473e+00
1.390919566154479980e+00
1.566154837608337402e+00
1.420068144798278809e+00
1.417627096176147461e+00
1.389931321144104004e+00
1.106869816780090332e+00
1.020396828651428223e+00
8.656385540962219238e-01
1.335112214088439941e+00
1.162091255187988281e+00
1.315083742141723633e+00
1.489648103713989258e+00
1.242650508880615234e+00
1.671721816062927246e+00
1.416862487792968750e+00
1.798555374145507812e+00
1.950423002243041992e+00
1.655760049819946289e+00
2.176027297973632812e+00
